2.87451
1.2633
1.16562
0.533036
0.329627
0.391728
0.313151
0.223722
0.318015
0.249494
0.401802
0.370064
0.866574
0.764197
0.617527
0.558099
0.518398
0.219088
0.228915
0.268729
0.295444
0.389458
0.288061
0.605004
0.601137
0.461447
0.26077
0.361782
0.195748
0.138816
0.120103
0.259118
0.309685
0.417992
0.412526
0.537984
0.245619
0.266355
0.216578
0.147951
0.181894
0.299376
0.349438
0.108235
0.167462
0.202705
0.124831
0.201433
0.154889
0.226962
0.218825
0.123766
0.420763
0.423712
0.26854
0.436069
0.572353
0.314314
0.311587
0.40194
0.243913
0.142533
0.234742
0.225722
0.145298
0.197123
0.226757
0.178228
0.290496
0.124741
0.200038
0.163626
0.324172
0.241328
0.154627
0.262967
0.327395
0.186536
0.242386
0.178831
0.190881
0.121887
0.217887
0.128863
0.250001
0.154378
0.238902
0.259636
0.285006
0.224837
0.156161
0.230645
0.13994
0.24374
0.325788
0.459304
0.289373
0.32311
0.243356
0.213049
0.233077
0.192748
0.217138
0.188227
0.197958
0.151456
0.246289
0.128454
0.204902
0.153106
0.177611
0.291835
0.200607
0.219298
0.174186
0.129771
0.183247
0.265505
0.154723
0.106416
0.275173
0.527543
0.319829
0.879292
0.258688
0.296657
0.189602
0.119102
0.145268
0.233848
0.174904
0.199543
0.214862
0.201796
0.120639
0.110065
0.322026
0.186509
0.142036
0.143953
0.249414
0.161594
0.096876
0.114951
0.270384
0.244872
0.304842
0.203703
0.181636
0.271429
0.155649
0.236227
0.336229
0.142769
0.0895519
0.199892
0.221145
0.24261
0.189287
0.107037
0.163827
0.213916
0.178837
0.162527
0.167427
0.102522
0.167896
0.297827
0.15136
0.167216
0.187177
0.0934123
0.125423
0.157488
0.267583
0.108767
0.170417
0.167707
0.154699
0.162163
0.19668
0.184701
0.244795
0.2174
0.20936
0.192699
0.25478
0.172908
0.176253
0.112542
0.168529
0.216227
0.131543
0.183089
0.540702
0.258063
0.258394
0.445138
0.458793
0.301005
0.136248
0.19164
0.118548
0.214143
0.216452
0.244552
0.119147
0.141344
0.207232
0.169309
0.245855
0.11415
0.16408
0.189761
0.204266
0.289142
0.270007
0.18032
0.205724
0.157579
0.214541
0.216491
0.140458
0.213091
0.204715
0.160028
0.17092
0.14404
0.249541
0.147987
0.222355
0.234637
0.112229
0.13829
0.117287
0.156853
0.412431
0.251908
0.17005
0.21075
0.193454
0.210587
0.290199
0.182121
0.166861
0.130761
0.20648
0.192564
0.162549
0.207454
0.180027
0.115773
0.243936
0.314819
0.188764
0.233728
0.247378
0.188167
0.206043
0.193643
0.0976924
0.127434
0.0780322
0.280514
0.120624
0.157321
0.17012
0.184222
0.23535
0.278989
0.136244
0.209412
0.0771148
0.111502
0.13372
0.14237
0.18783
0.290127
0.316631
0.206601
0.166741
0.228148
0.1059
0.0549496
0.24368
0.1875
0.116114
0.240173
0.182719
0.17329
0.263495
0.211831
0.204346
0.266484
0.184674
0.169263
0.254123
0.137028
0.158165
0.162696
0.132127
0.148434
0.140065
0.149538
0.159319
0.173321
0.290828
0.132034
0.175805
0.152255
0.170243
0.229011
0.173961
0.224643
0.148289
0.0933271
0.232915
0.166827
0.147523
0.276912
0.216388
0.151475
0.219399
0.177532
0.113255
0.125652
0.234043
0.134306
0.122607
0.132112
0.163797
0.170175
0.201776
0.235615
0.140424
0.136867
0.211277
0.223134
0.265212
0.109641
0.153038
0.105511
0.258565
0.185489
0.213995
0.195606
0.183894
0.172115
0.174364
0.222922
0.149047
0.235062
0.435205
0.157652
0.190376
0.147665
0.181945
0.166351
0.102886
0.283496
0.200523
0.170776
0.266288
0.176006
0.145519
0.202227
0.294766
0.141631
0.17268
0.0995615
0.104274
0.221028
0.207394
0.207394
0.228384
0.109436
0.217566
0.152583
0.0994092
0.183967
0.153831
0.172302
0.150633
0.205793
0.182324
0.237032
0.152608
0.135463
0.11592
0.162969
0.217616
0.173358
0.178567
0.272603
0.381373
0.213339
0.165194
0.153937
0.163832
0.302545
0.283843
0.183084
0.210297
0.223834
0.221877
0.171456
0.119203
0.14513
0.103637
0.181566
0.119801
0.159762
0.214339
0.232098
0.182372
0.173132
0.170024
0.209799
0.20015
0.219575
0.14264
0.309426
0.131138
0.122683
0.115455
0.116041
0.179432
0.203653
0.12731
0.119407
0.0688171
0.239919
0.291731
0.143278
0.117588
0.101388
0.202455
0.152212
0.149601
0.130625
0.197098
0.174531
0.175186
0.224361
0.131428
0.163357
0.198006
0.27978
0.299658
0.181345
0.158998
0.1095
0.159719
0.286727
0.13215
0.195338
0.17697
0.157026
0.103926
0.172633
0.170788
0.122509
0.14023
0.168559
0.185884
0.253234
0.169101
0.17378
0.136717
0.175875
0.131988
0.080945
0.0618612
0.167445
0.221884
0.126141
0.213302
0.241642
0.0999421
0.119397
0.141065
0.12238
0.16135
0.106104
0.167579
0.139924
0.214243
0.217624
0.0858888
0.13579
0.0616507
0.244431
0.212231
0.191521
0.169815
0.0840078
0.170082
0.1924
0.0866086
0.157221
0.179798
0.208474
0.196623
0.127403
0.0891712
0.127523
0.169887
0.166336
0.200988
0.153425
0.170901
0.10759
0.205223
0.191349
0.237348
0.215826
0.161847
0.159147
0.164642
0.205797
0.181948
0.189815
0.174824
0.14403
0.165834
0.0984267
0.155662
0.243803
0.217689
0.152424
0.0979748
0.165822
0.161012
0.164966
0.156882
0.147361
0.134357
0.103074
0.179941
0.125367
0.167313
0.247933
0.170917
0.162598
0.212397
0.188568
0.075056
0.140775
0.191679
0.213381
0.140009
0.189603
0.238319
0.156015
0.239703
0.24302
0.250383
0.16556
0.216768
0.172838
0.17551
0.15047
0.167029
0.195487
0.159767
0.240725
0.144977
0.145466
0.169611
0.150821
0.130827
0.16066
0.219323
0.168675
0.115904
0.160166
0.172124
0.144055
0.180288
0.115815
0.216751
0.0945043
0.114851
0.104019
0.226446
0.147805
0.140989
0.257295
0.196076
0.149798
0.184672
0.167108
0.132831
0.185595
0.189947
0.135155
0.156933
0.142266
0.216144
0.166566
0.136024
0.176133
0.167324
0.200916
0.182208
0.112432
0.18054
0.110687
0.159409
0.138189
0.156239
0.224061
0.198133
0.225945
0.13831
0.1278
0.114721
0.207652
0.167148
0.138513
0.154652
0.381154
0.250157
0.197419
0.19701
0.156807
0.146891
0.135687
0.148509
0.240172
0.190446
0.193574
0.164903
0.195259
0.10875
0.159452
0.308725
0.154175
0.125697
0.126826
0.19137
0.146158
0.0928134
0.0992693
0.211717
0.200503
0.208153
0.1375
0.214078
0.228293
0.130022
0.212411
0.272288
0.123658
0.0932506
0.12708
0.147006
0.17847
0.16589
0.121743
0.140643
0.187035
0.153106
0.106117
0.175021
0.0482748
0.129839
0.224592
0.152185
0.165407
0.209788
0.104797
0.163742
0.146569
0.148703
0.0653168
0.130503
0.116677
0.196429
0.161054
0.146832
0.143076
0.238878
0.179477
0.217126
0.13655
0.225988
0.171806
0.182276
0.0883179
0.126581
0.196194
0.120613
0.131954
0.349062
0.349097
0.166658
0.204458
0.204504
0.28486
0.146021
0.167748
0.120169
0.209391
0.213564
0.236388
0.100474
0.145295
0.204883
0.134295
0.188563
0.0893706
0.114715
0.120409
0.182911
0.315733
0.226772
0.230241
0.186799
0.124622
0.162452
0.147826
0.159208
0.194686
0.219167
0.117966
0.15557
0.139464
0.244859
0.17972
0.163117
0.200642
0.108859
0.148173
0.110988
0.154018
0.293051
0.264303
0.165372
0.150839
0.195348
0.133973
0.212737
0.172108
0.153692
0.0829215
0.249105
0.227466
0.201034
0.110991
0.124833
0.102492
0.189835
0.210517
0.194547
0.195429
0.201887
0.193327
0.171337
0.142075
0.0971173
0.10979
0.0868363
0.254502
0.0899814
0.142089
0.185393
0.155498
0.223289
0.256294
0.100512
0.197226
0.0820782
0.122142
0.104103
0.138683
0.159164
0.240305
0.260635
0.20706
0.136532
0.182388
0.0922595
0.0590001
0.254749
0.143309
0.111728
0.18315
0.232753
0.189884
0.1958
0.200017
0.166384
0.227569
0.178983
0.141511
0.225025
0.123682
0.11772
0.145018
0.146868
0.151387
0.131045
0.143189
0.151487
0.184803
0.16825
0.135424
0.190732
0.156199
0.134233
0.184385
0.190791
0.239534
0.137988
0.102674
0.204837
0.143223
0.154153
0.245749
0.204138
0.127915
0.200399
0.181717
0.117736
0.123592
0.20623
0.132465
0.114419
0.12443
0.163126
0.165047
0.185273
0.236903
0.125261
0.105729
0.183775
0.19019
0.23593
0.101718
0.160307
0.100603
0.262941
0.164525
0.207638
0.174346
0.183812
0.139506
0.174947
0.228915
0.149321
0.224524
0.300233
0.15686
0.176589
0.130405
0.18636
0.156403
0.104683
0.23826
0.169005
0.154485
0.253525
0.162952
0.110842
0.230228
0.256947
0.129527
0.151018
0.0936269
0.0816386
0.248696
0.201569
0.193556
0.236668
0.0827531
0.221906
0.144902
0.0996825
0.154333
0.156942
0.157508
0.139665
0.179266
0.182668
0.217134
0.127048
0.13466
0.106369
0.150608
0.2068
0.190027
0.193125
0.26469
0.336827
0.177405
0.181047
0.150188
0.174513
0.215301
0.28091
0.113623
0.245034
0.194419
0.220643
0.183204
0.10551
0.150895
0.0876236
0.196841
0.123822
0.143728
0.22197
0.236914
0.168737
0.155427
0.143388
0.191051
0.198017
0.187875
0.142616
0.254391
0.178582
0.112725
0.11538
0.111811
0.172263
0.184818
0.117394
0.110075
0.0662954
0.255232
0.22427
0.137711
0.118421
0.100926
0.185838
0.131545
0.148896
0.118297
0.196374
0.176549
0.174024
0.225282
0.119936
0.159259
0.176305
0.218067
0.277266
0.175074
0.159533
0.107451
0.17036
0.173062
0.130848
0.160846
0.175221
0.169221
0.0938624
0.17652
0.169091
0.117399
0.132122
0.175516
0.170607
0.21612
0.156534
0.170991
0.149023
0.173402
0.130806
0.0793326
0.0628379
0.16628
0.205404
0.128877
0.223192
0.243134
0.100354
0.120096
0.138343
0.122842
0.129684
0.0983196
0.149555
0.136029
0.179776
0.218073
0.0683302
0.140071
0.0562724
0.208796
0.218374
0.366289
0.16492
0.0862617
0.149092
0.148565
0.0989851
0.170135
0.193447
0.190863
0.201844
0.122942
0.0903771
0.103341
0.162958
0.145181
0.186257
0.148185
0.169283
0.110254
0.184183
0.160952
0.199835
0.200661
0.156845
0.168356
0.19069
0.182175
0.179285
0.194009
0.163858
0.144728
0.152499
0.10664
0.14449
0.218147
0.197019
0.133642
0.091029
0.161555
0.150199
0.15152
0.161713
0.144887
0.140444
0.0970735
0.187296
0.117361
0.156561
0.229103
0.154319
0.164507
0.151441
0.17495
0.0816889
0.142477
0.157546
0.176291
0.118073
0.387177
0.215044
0.156138
0.21549
0.187326
0.234241
0.154547
0.205697
0.163032
0.159511
0.145198
0.150007
0.191221
0.143858
0.229143
0.136793
0.125783
0.172142
0.140226
0.139519
0.151377
0.203996
0.171163
0.113931
0.146835
0.166638
0.141328
0.174085
0.116567
0.193831
0.0896427
0.133932
0.0982343
0.21921
0.151815
0.152966
0.136848
0.157918
0.15896
0.171527
0.158618
0.124507
0.190773
0.196112
0.136565
0.143173
0.144538
0.212557
0.160915
0.142842
0.17843
0.174745
0.199726
0.174542
0.118687
0.173732
0.113592
0.153699
0.141287
0.150308
0.219224
0.204501
0.21332
0.142701
0.116498
0.121759
0.200197
0.148046
0.125998
0.14352
0.326379
0.232024
0.19153
0.168581
0.151043
0.138981
0.134231
0.144003
0.225679
0.180415
0.19555
0.168898
0.170417
0.109833
0.150561
0.296052
0.157744
0.110541
0.133154
0.165424
0.142673
0.0987141
0.100752
0.205387
0.172142
0.209513
0.146567
0.195166
0.230242
0.131261
0.215727
0.252994
0.129442
0.0908849
0.120578
0.139975
0.180227
0.167212
0.115104
0.137104
0.186187
0.148243
0.10592
0.172409
0.0476511
0.135006
0.223328
0.147815
0.161182
0.190422
0.0936277
0.154956
0.142283
0.139513
0.0666846
0.125548
0.110754
0.180203
0.154789
0.142245
0.12903
0.224668
0.18078
0.211035
0.139851
0.217504
0.152183
0.186186
0.0856456
0.135905
0.182385
0.121318
0.148835
0.187323
0.549189
0.135783
0.212857
0.164884
0.266996
0.128566
0.161876
0.11601
0.201031
0.224265
0.214685
0.10263
0.148234
0.201159
0.126042
0.177934
0.0872624
0.096942
0.118661
0.131698
0.297583
0.1738
0.202526
0.173505
0.124398
0.155052
0.158682
0.148873
0.185667
0.213331
0.120849
0.144922
0.13313
0.229634
0.194596
0.152806
0.186994
0.116257
0.146557
0.0973759
0.147701
0.247958
0.243546
0.172177
0.147886
0.20143
0.122355
0.211544
0.176363
0.131214
0.0867815
0.219065
0.209758
0.199862
0.105911
0.114969
0.10198
0.204588
0.220218
0.197192
0.207976
0.177083
0.191968
0.18516
0.138309
0.0998834
0.108778
0.0849394
0.243009
0.0960164
0.142641
0.17554
0.146958
0.202886
0.236135
0.0886576
0.196828
0.0931028
0.116449
0.101769
0.121981
0.154131
0.250494
0.243691
0.197904
0.122262
0.181933
0.086415
0.0580518
0.260088
0.149807
0.107176
0.185349
0.18668
0.181891
0.198752
0.179012
0.143101
0.26147
0.164414
0.138898
0.211596
0.120785
0.117772
0.148501
0.145486
0.14728
0.125265
0.145292
0.146696
0.190792
0.162869
0.141395
0.15926
0.159418
0.124889
0.175547
0.184548
0.287604
0.124604
0.106747
0.197458
0.139325
0.137392
0.245751
0.2087
0.129032
0.196572
0.179331
0.120817
0.123671
0.185766
0.132823
0.105078
0.127475
0.167975
0.157539
0.187625
0.220997
0.135669
0.0884766
0.178311
0.182502
0.22311
0.0998725
0.153165
0.0963459
0.248247
0.16947
0.197092
0.160998
0.187339
0.130684
0.175872
0.22503
0.14542
0.228668
0.261822
0.1556
0.176876
0.140228
0.182897
0.153139
0.0999221
0.23206
0.17617
0.145655
0.240777
0.145699
0.109172
0.222915
0.238896
0.119456
0.126351
0.0833904
0.0840464
0.248756
0.200241
0.194944
0.225634
0.0783911
0.222779
0.141046
0.0928132
0.15699
0.149793
0.150232
0.141658
0.181624
0.178636
0.199581
0.105906
0.131918
0.109164
0.154902
0.202716
0.183397
0.201476
0.264475
0.309098
0.177585
0.171707
0.154093
0.163073
0.207274
0.282072
0.104463
0.232018
0.19469
0.223119
0.183327
0.0986572
0.155246
0.0850134
0.194857
0.12249
0.142183
0.219319
0.237177
0.166125
0.15195
0.135879
0.183683
0.205923
0.18622
0.147246
0.254985
0.170989
0.110557
0.109716
0.111989
0.165105
0.173868
0.107126
0.109
0.0685221
0.238558
0.218464
0.132942
0.115237
0.102774
0.176029
0.129898
0.149313
0.124438
0.186803
0.172107
0.165864
0.224724
0.117433
0.156505
0.169198
0.222211
0.260296
0.183569
0.14696
0.102108
0.173022
0.138435
0.129716
0.149478
0.174452
0.165653
0.0865027
0.169912
0.163981
0.114061
0.13705
0.170755
0.165734
0.207783
0.147218
0.163618
0.151196
0.171713
0.130756
0.0819956
0.0619167
0.162019
0.206978
0.1294
0.216241
0.233316
0.0926553
0.122365
0.138284
0.115819
0.141401
0.096414
0.139791
0.143919
0.167227
0.217571
0.0786061
0.139454
0.0652407
0.225428
0.200981
0.176619
0.167417
0.0750279
0.152532
0.177184
0.0893985
0.149652
0.191308
0.19947
0.195213
0.132163
0.0897867
0.106402
0.163733
0.133453
0.183226
0.146732
0.163457
0.111695
0.189159
0.175603
0.19699
0.202393
0.154159
0.165732
0.173571
0.178406
0.171736
0.193652
0.158462
0.135438
0.144399
0.10649
0.141812
0.224894
0.179266
0.118782
0.0910745
0.163267
0.147329
0.147247
0.16195
0.14516
0.138676
0.0987577
0.180127
0.113936
0.161859
0.225121
0.147325
0.156396
0.14733
0.168055
0.0842269
0.163791
0.156383
0.157043
0.123482
0.259339
0.215735
0.150879
0.20579
0.192584
0.22838
0.155748
0.209437
0.160164
0.1641
0.146901
0.137889
0.189404
0.136439
0.213516
0.132702
0.130505
0.173496
0.14038
0.149015
0.136698
0.205275
0.175154
0.110249
0.142485
0.166908
0.139808
0.174926
0.122417
0.179308
0.0979561
0.138269
0.0964345
0.21624
0.146408
0.14948
0.154392
0.152937
0.157615
0.155466
0.159351
0.116545
0.186307
0.191499
0.136295
0.138203
0.142894
0.216298
0.1769
0.139943
0.173456
0.172319
0.196594
0.169289
0.100872
0.175099
0.112225
0.153081
0.137994
0.150031
0.217151
0.204725
0.202459
0.141548
0.111058
0.12215
0.187218
0.138657
0.116713
0.144703
0.284708
0.231726
0.166823
0.155178
0.142804
0.135877
0.137616
0.148538
0.224452
0.193988
0.194832
0.167943
0.168809
0.103864
0.147349
0.288266
0.162113
0.113521
0.123709
0.180955
0.127268
0.0904974
0.103362
0.203497
0.167792
0.191676
0.141635
0.190474
0.226815
0.132106
0.211907
0.250513
0.126843
0.0879404
0.123068
0.133833
0.184387
0.170391
0.11426
0.12827
0.192892
0.150928
0.107115
0.169899
0.0475904
0.140042
0.214068
0.138101
0.161182
0.177899
0.0922842
0.147604
0.139355
0.138263
0.0673827
0.122677
0.11207
0.172288
0.148025
0.133234
0.123238
0.222197
0.177811
0.213566
0.132062
0.210701
0.149346
0.185897
0.0827607
0.139357
0.184337
0.124857
0.151433
0.171338
0.327191
0.129802
0.224307
0.171883
0.268872
0.136215
0.169552
0.116916
0.197261
0.215964
0.222808
0.100175
0.143453
0.201211
0.122586
0.17561
0.0845734
0.0780794
0.110339
0.16082
0.273442
0.190558
0.196048
0.176245
0.113409
0.153576
0.160577
0.148218
0.18991
0.217068
0.108326
0.153949
0.133826
0.234341
0.187824
0.14049
0.187153
0.116321
0.144774
0.0908323
0.151214
0.237185
0.243089
0.173945
0.141164
0.196303
0.123544
0.212775
0.171099
0.125043
0.0818955
0.205215
0.24504
0.243972
0.107612
0.11751
0.0971019
0.181376
0.212745
0.171849
0.18691
0.178703
0.200812
0.168549
0.145799
0.087818
0.112543
0.0864636
0.214506
0.0881382
0.145751
0.174192
0.144977
0.191932
0.228997
0.0806359
0.194377
0.0956576
0.120273
0.102713
0.118494
0.147876
0.237275
0.250731
0.184574
0.118454
0.172744
0.0794102
0.0625941
0.265458
0.151438
0.103957
0.18866
0.176705
0.169913
0.188215
0.185133
0.143648
0.256874
0.1661
0.107344
0.224258
0.113032
0.110364
0.153317
0.144007
0.1472
0.12672
0.138713
0.138595
0.182411
0.178635
0.137915
0.154516
0.157587
0.126553
0.170305
0.186207
0.256716
0.124849
0.107367
0.194543
0.136417
0.139655
0.23994
0.205324
0.129273
0.19044
0.18148
0.12425
0.121731
0.179517
0.126219
0.102685
0.126614
0.167247
0.152322
0.192551
0.207945
0.144694
0.0840217
0.173594
0.178978
0.219972
0.103849
0.150867
0.0967928
0.252747
0.159825
0.191705
0.171896
0.161098
0.128192
0.17444
0.223094
0.142452
0.233015
0.251602
0.154112
0.173339
0.143159
0.179453
0.153649
0.0960721
0.229647
0.174729
0.147349
0.228864
0.138758
0.110188
0.213773
0.227853
0.115797
0.117721
0.0785552
0.0867758
0.242128
0.192401
0.203753
0.213406
0.0748753
0.223206
0.136449
0.0927372
0.152902
0.146657
0.149542
0.148213
0.174252
0.174707
0.189217
0.10044
0.131075
0.107509
0.15229
0.196369
0.175336
0.20439
0.265974
0.285154
0.175026
0.170447
0.157175
0.145562
0.208884
0.286198
0.103392
0.223921
0.190947
0.226993
0.184514
0.0961895
0.153786
0.0837686
0.189107
0.120535
0.14158
0.217278
0.243559
0.161521
0.150386
0.132013
0.178858
0.213445
0.187387
0.144823
0.26138
0.148089
0.107124
0.105889
0.109505
0.153534
0.166649
0.105272
0.111966
0.0697592
0.223635
0.216566
0.12857
0.114725
0.102423
0.173965
0.130236
0.144694
0.124379
0.185036
0.167283
0.16326
0.224778
0.116737
0.16024
0.166748
0.216364
0.257762
0.184579
0.144171
0.105849
0.175393
0.127977
0.134583
0.152937
0.17136
0.167377
0.088879
0.159626
0.160468
0.112364
0.141039
0.167008
0.161519
0.203433
0.14639
0.162098
0.156738
0.165919
0.130378
0.0801184
0.0618929
0.164508
0.201979
0.132309
0.214974
0.227059
0.0972055
0.118127
0.140216
0.115576
0.133437
0.0906094
0.133
0.144694
0.164955
0.206369
0.0809536
0.144137
0.065715
0.207027
0.205697
0.171564
0.162755
0.0717788
0.144594
0.179773
0.0963618
0.148646
0.190827
0.196305
0.195996
0.127684
0.0908756
0.105484
0.163005
0.127276
0.179226
0.145016
0.15924
0.111562
0.181932
0.180114
0.170529
0.200729
0.155125
0.164852
0.176652
0.170561
0.168434
0.191885
0.160086
0.132904
0.141881
0.10616
0.132972
0.221017
0.172894
0.11706
0.0897714
0.163424
0.143887
0.144164
0.160372
0.144541
0.138858
0.0975876
0.176264
0.111981
0.160409
0.218095
0.140163
0.151002
0.148426
0.165998
0.0834936
0.15794
0.152522
0.152221
0.120695
0.242861
0.215536
0.145546
0.209601
0.175289
0.222242
0.148001
0.220384
0.155613
0.163903
0.14691
0.134408
0.19063
0.13317
0.200233
0.130379
0.127497
0.172304
0.139114
0.156163
0.128081
0.202283
0.18308
0.104547
0.137641
0.164321
0.140182
0.175291
0.127806
0.167196
0.0991353
0.14201
0.0947807
0.215912
0.140289
0.13806
0.459911
0.134474
0.146009
0.130423
0.162421
0.136621
0.169852
0.185875
0.132577
0.127367
0.126764
0.232144
0.175086
0.138679
0.137867
0.165618
0.199326
0.169454
0.0981031
0.176101
0.103695
0.134692
0.139363
0.146604
0.205906
0.199611
0.183363
0.13156
0.102421
0.134443
0.155695
0.137909
0.107662
0.144454
0.263154
0.21981
0.154585
0.149882
0.135496
0.127741
0.145265
0.145898
0.223381
0.18883
0.188407
0.164039
0.161966
0.105281
0.149252
0.281213
0.164096
0.114006
0.128132
0.173194
0.124786
0.0846737
0.100233
0.20459
0.165365
0.187822
0.143461
0.184028
0.224165
0.130625
0.208568
0.247028
0.123234
0.0878365
0.11919
0.126514
0.184135
0.174657
0.110602
0.13676
0.19137
0.146117
0.107245
0.164644
0.047577
0.144512
0.207572
0.133037
0.162296
0.169158
0.0937243
0.144675
0.135795
0.133366
0.06676
0.119695
0.114291
0.167094
0.145068
0.134618
0.121085
0.212877
0.179311
0.212154
0.128005
0.206291
0.151952
0.183092
0.0801852
0.135756
0.185431
0.125529
0.159731
0.157881
0.250625
0.128419
0.227784
0.176136
0.266283
0.135933
0.170208
0.11602
0.196179
0.214523
0.227126
0.101396
0.145432
0.200705
0.120643
0.170314
0.0864791
0.0761131
0.11409
0.159498
0.26334
0.192163
0.190936
0.1779
0.114444
0.14492
0.15963
0.15091
0.184091
0.213114
0.107181
0.152332
0.134991
0.235182
0.183861
0.135925
0.18066
0.113414
0.147477
0.0892189
0.145207
0.226468
0.233141
0.174292
0.140414
0.194313
0.123191
0.215493
0.168155
0.12327
0.0864223
0.194212
0.279553
0.223119
0.112379
0.106907
0.100463
0.178707
0.211892
0.164169
0.186103
0.172287
0.201644
0.164581
0.149233
0.0840978
0.115288
0.0892716
0.202661
0.0909945
0.138539
0.170178
0.141665
0.185996
0.230438
0.0810593
0.189231
0.0966459
0.117099
0.095958
0.118769
0.143144
0.235805
0.247396
0.184044
0.117371
0.168227
0.0775778
0.0599338
0.256527
0.151426
0.106771
0.191368
0.162951
0.167244
0.18767
0.18325
0.141811
0.265403
0.166057
0.103997
0.222402
0.108994
0.107213
0.154762
0.142787
0.149695
0.129166
0.134404
0.138606
0.183299
0.165426
0.137729
0.149974
0.155352
0.130294
0.167624
0.18688
0.245248
0.124574
0.110491
0.194373
0.132817
0.139838
0.236016
0.202939
0.1302
0.188608
0.184219
0.125315
0.12117
0.173134
0.124821
0.101963
0.125481
0.170725
0.146034
0.194043
0.208839
0.153036
0.0799925
0.169369
0.184225
0.213117
0.102648
0.15004
0.10254
0.246332
0.149035
0.18878
0.176162
0.154792
0.126807
0.175135
0.221789
0.138936
0.234622
0.242543
0.155442
0.173476
0.145191
0.175133
0.154266
0.0972283
0.222264
0.17627
0.145809
0.219363
0.137311
0.110714
0.203064
0.21835
0.116592
0.113988
0.0773431
0.0889981
0.237358
0.187748
0.208225
0.210605
0.0743041
0.222256
0.136039
0.0911686
0.150065
0.147408
0.145122
0.146195
0.173163
0.173947
0.181875
0.0979058
0.132056
0.104396
0.15457
0.195324
0.176631
0.201117
0.269523
0.266639
0.180512
0.156202
0.154945
0.149906
0.200565
0.286792
0.10469
0.218131
0.191577
0.228573
0.183587
0.0934479
0.155942
0.0823706
0.189169
0.121845
0.142667
0.213925
0.242875
0.158855
0.151793
0.130531
0.173763
0.213731
0.18808
0.145891
0.262451
0.139896
0.104454
0.108102
0.107897
0.148286
0.160256
0.106377
0.114119
0.0717528
0.215997
0.214631
0.125404
0.111801
0.102579
0.16962
0.130181
0.143715
0.123916
0.180791
0.164886
0.166812
0.2215
0.115187
0.161239
0.164324
0.210774
0.262295
0.187468
0.146553
0.102011
0.172294
0.124446
0.134072
0.150594
0.174701
0.171999
0.0935006
0.152067
0.159771
0.110863
0.144127
0.163918
0.160384
0.195602
0.14324
0.1614
0.155795
0.161494
0.128615
0.082357
0.0645874
0.157086
0.19627
0.132948
0.211159
0.219576
0.0967231
0.117197
0.142504
0.115972
0.137001
0.0892852
0.131254
0.14608
0.158398
0.203604
0.0835044
0.145059
0.0655806
0.1928
0.213783
0.19707
0.161703
0.0696566
0.142456
0.164055
0.0948561
0.154094
0.190323
0.195542
0.19923
0.122739
0.0931574
0.103556
0.16505
0.120605
0.17989
0.142125
0.15953
0.111971
0.176399
0.190531
0.150863
0.200826
0.157818
0.164336
0.176864
0.167366
0.16617
0.191541
0.157037
0.128969
0.141992
0.107015
0.127945
0.220943
0.163547
0.119678
0.0893026
0.161531
0.142038
0.144589
0.157242
0.143566
0.13895
0.0973108
0.178824
0.109463
0.161149
0.2139
0.140851
0.142292
0.145811
0.165645
0.0862023
0.158224
0.152018
0.151071
0.121979
0.217195
0.218936
0.139702
0.217701
0.167508
0.222417
0.133447
0.216504
0.148471
0.163345
0.146976
0.132116
0.192093
0.131794
0.195723
0.130698
0.124799
0.167895
0.13751
0.160469
0.120762
0.195478
0.17528
0.110826
0.138652
0.163798
0.141557
0.175812
0.13324
0.156724
0.0951271
0.145071
0.0963515
0.215292
0.149347
0.147726
0.137996
0.153736
0.153598
0.142626
0.165838
0.127801
0.170108
0.194142
0.138305
0.128663
0.133449
0.214273
0.184744
0.143455
0.162548
0.171213
0.199535
0.164575
0.0975105
0.172162
0.109774
0.146795
0.134273
0.150084
0.214458
0.200981
0.195547
0.137384
0.103237
0.132623
0.172994
0.138589
0.108413
0.145969
0.262399
0.215118
0.156826
0.147953
0.133994
0.125549
0.143538
0.147964
0.218338
0.190744
0.191748
0.16013
0.1589
0.106819
0.152817
0.284036
0.160338
0.108621
0.129268
0.159535
0.129028
0.0854026
0.101137
0.207099
0.167751
0.177982
0.143532
0.183407
0.222399
0.132784
0.213059
0.24422
0.12412
0.0864399
0.120246
0.126956
0.188173
0.174935
0.106508
0.136481
0.191614
0.141742
0.110264
0.166838
0.0473458
0.144047
0.206322
0.128661
0.163836
0.163818
0.0950694
0.147231
0.131624
0.135964
0.0671408
0.117179
0.118562
0.165673
0.14616
0.124216
0.121708
0.214291
0.177082
0.213041
0.123465
0.201527
0.1517
0.182723
0.0802869
0.130573
0.188048
0.12779
0.165247
0.154911
0.220285
0.125944
0.229016
0.179345
0.262987
0.137128
0.174154
0.110818
0.191731
0.212516
0.225666
0.101501
0.144797
0.198672
0.118504
0.165767
0.086874
0.0793715
0.114442
0.145941
0.27711
0.186253
0.191719
0.177018
0.116057
0.141453
0.157029
0.152521
0.179064
0.213151
0.110509
0.147375
0.136158
0.233647
0.186313
0.127551
0.186521
0.108504
0.144606
0.0872475
0.146955
0.220121
0.22663
0.174127
0.141701
0.192489
0.122411
0.215155
0.164185
0.119792
0.0867034
0.184479
0.290804
0.200422
0.114099
0.0962368
0.100521
0.192494
0.207659
0.163258
0.188417
0.167893
0.201481
0.165008
0.150688
0.0805012
0.115311
0.09095
0.194754
0.0963195
0.133014
0.166318
0.140674
0.18212
0.230991
0.0796697
0.187629
0.0966216
0.117927
0.0927201
0.11902
0.140578
0.233918
0.238265
0.183434
0.117341
0.166227
0.0753803
0.0585576
0.258647
0.149839
0.112309
0.194287
0.159617
0.168234
0.179994
0.185667
0.140072
0.252977
0.170672
0.0982447
0.223916
0.109077
0.103535
0.157499
0.144871
0.149809
0.131342
0.127676
0.139567
0.184947
0.153765
0.14003
0.150392
0.155345
0.128481
0.164754
0.184762
0.241668
0.123842
0.112141
0.195245
0.132058
0.138589
0.234164
0.203871
0.129426
0.183753
0.184756
0.126658
0.120178
0.171187
0.123943
0.101076
0.125735
0.172007
0.142955
0.194448
0.205901
0.156705
0.0780616
0.167657
0.185115
0.20708
0.102544
0.148403
0.103495
0.242496
0.146464
0.18656
0.174744
0.155027
0.126626
0.173849
0.219403
0.134738
0.235782
0.236265
0.154547
0.171715
0.147332
0.17343
0.154728
0.097505
0.21641
0.174796
0.146412
0.216682
0.136047
0.112927
0.196818
0.214325
0.115066
0.11223
0.0760414
0.088452
0.231285
0.186347
0.204965
0.206658
0.0736104
0.220266
0.132458
0.0911322
0.15134
0.146892
0.145333
0.146646
0.175266
0.174799
0.178402
0.0932704
0.132165
0.105686
0.153523
0.19624
0.172863
0.197858
0.271976
0.255433
0.180635
0.152896
0.157947
0.139694
0.200763
0.28651
0.10388
0.214662
0.192986
0.22758
0.183772
0.0923489
0.15529
0.0827653
0.186451
0.122955
0.142215
0.213977
0.235754
0.158659
0.151861
0.126945
0.168869
0.210544
0.189406
0.149896
0.261177
0.141569
0.099994
0.11
0.109344
0.143927
0.157868
0.10543
0.114454
0.0739475
0.208264
0.215494
0.123994
0.110956
0.100936
0.168147
0.12936
0.145015
0.125783
0.179479
0.161884
0.161486
0.219221
0.116693
0.164648
0.167888
0.208701
0.240013
0.186072
0.146635
0.104283
0.171818
0.124793
0.134594
0.150318
0.174548
0.171222
0.0940335
0.149779
0.158982
0.10939
0.147266
0.161418
0.158135
0.194867
0.142424
0.162214
0.157196
0.162169
0.127357
0.0815194
0.0662862
0.156499
0.189104
0.134828
0.208481
0.219574
0.0974326
0.116207
0.143751
0.115357
0.141086
0.0886635
0.126691
0.145551
0.154972
0.200311
0.083739
0.146461
0.0687255
0.183171
0.218422
0.183952
0.159656
0.069587
0.142094
0.162807
0.0969164
0.155818
0.19006
0.196181
0.198904
0.122304
0.0946937
0.102568
0.164257
0.117865
0.179385
0.141432
0.155965
0.11243
0.176815
0.198771
0.139781
0.199955
0.154841
0.164184
0.174605
0.168451
0.165247
0.190659
0.160545
0.127084
0.142342
0.10671
0.121626
0.219991
0.15991
0.119478
0.0876899
0.163208
0.140709
0.142318
0.15291
0.143259
0.140733
0.0977991
0.175656
0.107693
0.159018
0.209565
0.138189
0.140325
0.143878
0.164062
0.0834909
0.156547
0.152683
0.148379
0.12286
0.204045
0.220629
0.142616
0.218737
0.165274
0.220523
0.132313
0.213682
0.143294
0.159749
0.147907
0.130347
0.193358
0.131674
0.194251
0.132562
0.120305
0.16756
0.13894
0.162833
0.119247
0.198414
0.18616
0.101698
0.13844
0.161656
0.14272
0.171901
0.134789
0.153514
0.0945152
0.139742
0.09732
0.214864
0.14907
0.14427
0.190008
0.13101
0.152309
0.137263
0.161688
0.127745
0.168776
0.19034
0.137174
0.128431
0.131825
0.220391
0.183832
0.140278
0.147983
0.165641
0.201536
0.164828
0.0969817
0.172505
0.106847
0.139781
0.133285
0.15003
0.209648
0.199491
0.189954
0.135966
0.1016
0.133889
0.162731
0.138238
0.106001
0.14764
0.254873
0.210255
0.151712
0.148498
0.132522
0.121625
0.145068
0.149109
0.220276
0.188016
0.191161
0.158661
0.155871
0.105445
0.154058
0.281627
0.161353
0.108405
0.131813
0.159288
0.122427
0.0835094
0.0994791
0.205231
0.168995
0.16708
0.139437
0.180424
0.224045
0.133575
0.217439
0.250485
0.120991
0.0866117
0.117282
0.125779
0.189309
0.178329
0.104114
0.13977
0.190862
0.136342
0.113378
0.167736
0.0466968
0.142142
0.204781
0.124762
0.164079
0.159758
0.0965256
0.146493
0.130271
0.134946
0.0664071
0.118499
0.112889
0.164785
0.145834
0.121678
0.12071
0.207778
0.179615
0.214562
0.122726
0.198569
0.150437
0.182484
0.0773267
0.131108
0.187101
0.129269
0.169869
0.153847
0.201104
0.132891
0.234362
0.168805
0.263653
0.136339
0.174523
0.110672
0.192067
0.212108
0.224052
0.102144
0.14746
0.195532
0.11888
0.16545
0.0872906
0.0760994
0.117153
0.138246
0.281162
0.182563
0.193597
0.178254
0.118323
0.135706
0.158603
0.15585
0.172828
0.209105
0.108376
0.145785
0.137001
0.234299
0.187801
0.120358
0.186686
0.105212
0.143783
0.0875569
0.151358
0.210949
0.227148
0.174963
0.137324
0.191188
0.122568
0.212755
0.163473
0.117914
0.0889352
0.181568
0.299292
0.186343
0.11341
0.0920906
0.102593
0.189859
0.206845
0.169069
0.192486
0.16632
0.20131
0.161759
0.14976
0.0790134
0.117179
0.0925682
0.190085
0.095718
0.127982
0.165299
0.137287
0.180328
0.234195
0.0791054
0.186087
0.0976284
0.116476
0.0908109
0.119793
0.14026
0.232001
0.23438
0.182125
0.114748
0.163762
0.0738472
0.0588036
0.255647
0.154035
0.106435
0.193565
0.159669
0.168559
0.186137
0.187112
0.136689
0.250283
0.175317
0.0986644
0.228457
0.101843
0.0998404
0.155124
0.145772
0.149098
0.138681
0.122716
0.14141
0.190014
0.149223
0.142123
0.142601
0.151564
0.136416
0.163749
0.189409
0.227425
0.126279
0.11621
0.1933
0.128538
0.136355
0.225078
0.203105
0.129853
0.182212
0.184754
0.127169
0.121565
0.168784
0.122833
0.10012
0.127126
0.171628
0.144448
0.194469
0.203859
0.159131
0.0777372
0.165511
0.186151
0.200926
0.100864
0.151195
0.106934
0.239712
0.144613
0.185399
0.173964
0.153635
0.12625
0.172161
0.21773
0.134873
0.236384
0.230233
0.153879
0.170497
0.146361
0.173217
0.155283
0.0997177
0.213749
0.17419
0.144201
0.216968
0.131736
0.114552
0.192968
0.208577
0.118137
0.110034
0.0743647
0.0906422
0.228274
0.189058
0.191672
0.200171
0.0742131
0.219239
0.13352
0.0929296
0.147779
0.145167
0.146563
0.148412
0.176209
0.176011
0.176138
0.0895752
0.130902
0.109581
0.151755
0.196108
0.167644
0.19204
0.274211
0.243434
0.18081
0.160065
0.172909
0.121807
0.201298
0.288794
0.102655
0.212148
0.190618
0.2266
0.184173
0.0912361
0.155816
0.0846955
0.183568
0.124797
0.140183
0.209558
0.233853
0.157628
0.150991
0.127306
0.167579
0.209823
0.188946
0.148343
0.259825
0.138721
0.0977378
0.110619
0.106303
0.141102
0.158542
0.105379
0.116681
0.0746113
0.204773
0.20958
0.123431
0.109631
0.100807
0.169085
0.130987
0.140756
0.124911
0.180644
0.15609
0.165584
0.212931
0.116721
0.166866
0.168179
0.207987
0.235947
0.187022
0.147166
0.101404
0.171496
0.121873
0.133012
0.147732
0.175387
0.169261
0.0927819
0.149783
0.157705
0.111003
0.148184
0.16277
0.157423
0.189323
0.142066
0.161195
0.1545
0.161244
0.125808
0.081868
0.0674998
0.155323
0.185276
0.13542
0.207815
0.217943
0.0989243
0.114934
0.144249
0.114474
0.144724
0.0886912
0.127239
0.145975
0.150472
0.199207
0.0828435
0.144545
0.0699297
0.17932
0.226981
0.166288
0.15852
0.0698623
0.142453
0.163172
0.0950694
0.154457
0.191555
0.19505
0.198615
0.12206
0.0959413
0.102163
0.161634
0.115974
0.17983
0.141318
0.155311
0.112526
0.177638
0.196703
0.13479
0.196872
0.157425
0.164467
0.171047
0.166092
0.167808
0.191224
0.158561
0.12665
0.144153
0.107013
0.121531
0.219146
0.156654
0.117563
0.0874693
0.162699
0.14064
0.141747
0.149969
0.14422
0.142795
0.0987553
0.171218
0.106376
0.156179
0.210917
0.138275
0.133076
0.144842
0.161519
0.0843501
0.161038
0.148722
0.14907
0.122799
0.19279
0.224541
0.140302
0.219242
0.163337
0.221331
0.128868
0.210011
0.140022
0.158941
0.14957
0.128
0.194929
0.131071
0.193463
0.135477
0.116695
0.164412
0.138793
0.163253
0.117356
0.199752
0.188419
0.100899
0.140652
0.160691
0.143099
0.170171
0.13971
0.149853
0.0944513
0.137037
0.0954777
0.212026
0.143845
0.120528
3.29376
0.126518
0.145338
0.13386
0.150719
0.149397
0.163892
0.183727
0.127505
0.133029
0.117736
0.259043
0.165645
0.141629
0.108162
0.164882
0.203533
0.169497
0.102319
0.164518
0.100149
0.12038
0.140335
0.162577
0.175528
0.201044
0.193852
0.131244
0.106526
0.135583
0.155787
0.134148
0.110667
0.147483
0.192612
0.186675
0.140527
0.149803
0.124882
0.123753
0.142169
0.141176
0.22446
0.188398
0.198544
0.146401
0.145329
0.110512
0.151434
0.287123
0.169123
0.0998884
0.140863
0.148938
0.114713
0.0825241
0.105022
0.196124
0.15535
0.169467
0.142247
0.17109
0.224801
0.130818
0.226167
0.252335
0.120188
0.0881039
0.110394
0.126568
0.192008
0.184528
0.104324
0.140844
0.19391
0.130831
0.11332
0.164142
0.0478723
0.137651
0.191285
0.125478
0.163901
0.156733
0.0997298
0.145192
0.121655
0.135745
0.0669378
0.116609
0.11094
0.1623
0.14164
0.122627
0.121502
0.208347
0.18274
0.215542
0.11898
0.197648
0.149611
0.182669
0.0760675
0.129697
0.188917
0.129731
0.177034
0.145293
0.190166
0.146755
0.234921
0.150261
0.264296
0.135212
0.177299
0.10984
0.194602
0.214334
0.221749
0.102567
0.151187
0.19437
0.115902
0.160948
0.0877177
0.0768642
0.117147
0.1363
0.278593
0.184865
0.190354
0.177162
0.116629
0.135965
0.15804
0.153851
0.17325
0.208654
0.107115
0.146152
0.138555
0.232536
0.185938
0.120603
0.190657
0.104604
0.142012
0.0865176
0.149086
0.20763
0.224178
0.172974
0.139466
0.190817
0.123143
0.216001
0.161558
0.116113
0.0894235
0.17868
0.296678
0.181379
0.114556
0.0907983
0.102748
0.194427
0.207641
0.161763
0.190429
0.161972
0.201193
0.160315
0.151609
0.0808614
0.116835
0.0943304
0.188253
0.0992964
0.125203
0.16271
0.135409
0.177576
0.232812
0.0793726
0.185375
0.0958991
0.117779
0.092277
0.118523
0.140542
0.230906
0.229773
0.183255
0.115163
0.160675
0.0744999
0.0587436
0.25824
0.153782
0.10339
0.195364
0.154876
0.169234
0.165887
0.203229
0.132605
0.247431
0.178389
0.100834
0.232094
0.101803
0.0958833
0.15468
0.146067
0.151582
0.138284
0.121495
0.141984
0.187734
0.1511
0.140303
0.14251
0.151888
0.134242
0.163344
0.186976
0.224563
0.126775
0.121108
0.190072
0.126779
0.136126
0.224426
0.204439
0.1297
0.179323
0.186822
0.127069
0.122707
0.165436
0.122401
0.100553
0.126206
0.172371
0.142492
0.194325
0.204504
0.157093
0.0783017
0.164111
0.186572
0.196766
0.101668
0.151231
0.106682
0.236842
0.143153
0.181567
0.177186
0.1569
0.127317
0.174415
0.218339
0.132825
0.235155
0.22434
0.154385
0.173031
0.142
0.175185
0.156315
0.100644
0.206502
0.172346
0.14465
0.216066
0.130341
0.115627
0.190006
0.2054
0.119437
0.109645
0.0746679
0.0890661
0.229194
0.189628
0.186966
0.200059
0.0733185
0.22208
0.134174
0.0916889
0.146484
0.145305
0.146106
0.148076
0.177219
0.176795
0.174678
0.0904618
0.130899
0.111077
0.148561
0.198147
0.170605
0.192103
0.274505
0.237728
0.184444
0.150834
0.164121
0.128503
0.194346
0.287322
0.104265
0.209755
0.194442
0.227827
0.182069
0.0916904
0.153683
0.0844689
0.180664
0.125039
0.140432
0.211222
0.236505
0.157342
0.151263
0.125421
0.166139
0.208033
0.190118
0.148521
0.261432
0.135592
0.09868
0.113252
0.107617
0.140947
0.153655
0.105396
0.117478
0.0757377
0.20323
0.204671
0.123137
0.108769
0.100116
0.16821
0.13054
0.141247
0.126793
0.180138
0.157607
0.159218
0.212833
0.118068
0.16795
0.169223
0.20647
0.217374
0.186435
0.149503
0.104082
0.170388
0.121554
0.13432
0.145419
0.175247
0.171107
0.0944976
0.14511
0.159525
0.112069
0.147423
0.161698
0.156575
0.191036
0.140184
0.161924
0.152149
0.15812
0.126451
0.0796418
0.067468
0.158983
0.182525
0.1368
0.205297
0.217716
0.0991905
0.113952
0.142378
0.112062
0.16182
0.108338
0.11423
0.138827
0.144559
0.197303
0.0818081
0.146466
0.0785343
0.170291
0.227491
0.159153
0.159256
0.0724927
0.146158
0.156535
0.0958504
0.155917
0.190389
0.197718
0.195472
0.12288
0.0969124
0.0982211
0.162926
0.11457
0.181254
0.141559
0.153465
0.112712
0.177763
0.206272
0.130363
0.196506
0.152861
0.166096
0.170384
0.170151
0.166581
0.189792
0.159155
0.123653
0.144073
0.107075
0.120814
0.216817
0.154598
0.115499
0.0852179
0.164241
0.140065
0.140725
0.156166
0.144265
0.144217
0.0989939
0.171388
0.102964
0.157552
0.208587
0.135225
0.131906
0.142126
0.161101
0.0820726
0.158455
0.143236
0.147307
0.123769
0.184376
0.227187
0.142931
0.21732
0.162336
0.218171
0.131691
0.209699
0.138389
0.158637
0.149269
0.126097
0.194371
0.131463
0.192891
0.135988
0.115131
0.163351
0.138631
0.166099
0.117477
0.198522
0.185592
0.102683
0.142113
0.161013
0.141439
0.167947
0.141149
0.146452
0.0937757
0.135681
0.0971979
0.2181
0.152412
0.146367
0.162322
0.150231
0.153181
0.139818
0.163716
0.132
0.160887
0.192186
0.137283
0.126837
0.130523
0.21853
0.179056
0.141114
0.145162
0.163892
0.1962
0.160467
0.101588
0.165963
0.10749
0.142304
0.131644
0.149838
0.20795
0.198616
0.190769
0.134254
0.102719
0.131891
0.161247
0.136564
0.106806
0.152045
0.235717
0.198757
0.151688
0.151528
0.130433
0.119249
0.145026
0.148684
0.222523
0.188397
0.194516
0.153798
0.149829
0.105769
0.152144
0.279519
0.159827
0.107621
0.133744
0.160057
0.116228
0.0831162
0.0987042
0.206265
0.164418
0.16097
0.138635
0.179106
0.226928
0.136166
0.223147
0.249428
0.120319
0.084825
0.113955
0.126248
0.194211
0.184524
0.103327
0.142845
0.19386
0.130432
0.113293
0.162267
0.047004
0.140248
0.199163
0.125459
0.16327
0.15736
0.0980825
0.148363
0.124095
0.134136
0.0662638
0.117572
0.113882
0.162899
0.142766
0.120091
0.119986
0.20903
0.182709
0.215814
0.116022
0.199783
0.151122
0.181882
0.0752254
0.128634
0.189871
0.131028
0.175886
0.144501
0.186225
0.147256
0.23329
0.148486
0.268526
0.137513
0.173515
0.112319
0.18852
0.211609
0.223721
0.102309
0.151502
0.192555
0.117076
0.160566
0.0872535
0.0797512
0.118648
0.134172
0.274336
0.179831
0.19223
0.178021
0.118829
0.133314
0.161937
0.15669
0.170538
0.206619
0.106181
0.1447
0.138775
0.23179
0.186042
0.122686
0.189492
0.102538
0.139583
0.0874027
0.152257
0.201092
0.221865
0.172404
0.146837
0.191734
0.122404
0.216225
0.15855
0.113529
0.0908576
0.172883
0.293232
0.172299
0.113609
0.0871409
0.103708
0.196019
0.206966
0.174428
0.19514
0.160791
0.203344
0.159504
0.152236
0.0766696
0.118009
0.0951102
0.181295
0.100502
0.121478
0.163585
0.134024
0.175989
0.233923
0.0792082
0.184291
0.096466
0.118238
0.0918323
0.12
0.139302
0.227076
0.230114
0.182435
0.114183
0.160452
0.0734117
0.0586929
0.256824
0.15595
0.100114
0.196435
0.167367
0.182025
0.167264
0.186963
0.142999
0.229529
0.170415
0.0962323
0.229395
0.102822
0.0969073
0.157561
0.146
0.151658
0.137389
0.119928
0.139732
0.187178
0.153098
0.140201
0.1412
0.15405
0.125011
0.162305
0.184706
0.228633
0.125251
0.118254
0.192363
0.125712
0.140029
0.226588
0.204435
0.128375
0.177716
0.185656
0.127738
0.124249
0.16056
0.123429
0.100064
0.126412
0.170409
0.141158
0.19361
0.206344
0.159273
0.0783992
0.163582
0.187469
0.19591
0.102615
0.147495
0.105907
0.238062
0.140639
0.181412
0.176159
0.15522
0.129036
0.172265
0.218305
0.130478
0.233963
0.22256
0.153244
0.172661
0.138971
0.17568
0.15799
0.100714
0.200351
0.171236
0.146076
0.215383
0.131475
0.117125
0.185944
0.201312
0.116947
0.109598
0.0728676
0.0892646
0.229684
0.188581
0.185574
0.202453
0.0733784
0.221933
0.132463
0.09241
0.145359
0.147157
0.147531
0.147261
0.174097
0.178427
0.171598
0.0893885
0.132378
0.111823
0.148957
0.196256
0.168982
0.187642
0.273433
0.235406
0.181844
0.15168
0.165818
0.122068
0.193305
0.290305
0.105277
0.205253
0.19555
0.226257
0.181559
0.0918331
0.154884
0.0850157
0.180395
0.125295
0.14065
0.212296
0.2265
0.156318
0.153948
0.125659
0.165005
0.20742
0.189888
0.149287
0.259747
0.136907
0.0959946
0.112583
0.10617
0.138632
0.15397
0.105791
0.118838
0.0765879
0.20321
0.201215
0.123959
0.109566
0.0986154
0.169338
0.130965
0.139523
0.12794
0.18057
0.155684
0.160926
0.208771
0.117216
0.167153
0.163889
0.207153
0.208748
0.188244
0.146994
0.104634
0.168142
0.125688
0.132906
0.147518
0.174706
0.167368
0.0961328
0.143804
0.163466
0.111059
0.149546
0.160065
0.154942
0.187923
0.13802
0.160446
0.15347
0.155836
0.127219
0.0804758
0.0687015
0.163292
0.176235
0.136424
0.205281
0.219448
0.102121
0.112708
0.145825
0.119097
0.131965
0.0883736
0.124326
0.145427
0.151671
0.194346
0.0798942
0.144611
0.075993
0.172825
0.235856
0.153173
0.158067
0.0704258
0.145274
0.152906
0.0970729
0.158473
0.190269
0.196171
0.197494
0.12166
0.101456
0.094519
0.159441
0.114708
0.177827
0.140613
0.150914
0.111934
0.175085
0.202911
0.131406
0.19521
0.151536
0.167181
0.173307
0.175823
0.167258
0.188966
0.160187
0.122646
0.14452
0.107952
0.123094
0.211377
0.153129
0.114921
0.084115
0.164265
0.140308
0.138043
0.153948
0.14488
0.145965
0.0992315
0.17282
0.102658
0.156093
0.210092
0.136339
0.126712
0.142763
0.161559
0.0849872
0.160844
0.148968
0.145997
0.12164
0.178659
0.234518
0.14251
0.217073
0.163461
0.216306
0.128985
0.205623
0.138047
0.155537
0.14812
0.123681
0.194911
0.132752
0.193942
0.138855
0.113135
0.159711
0.13732
0.166321
0.118325
0.199008
0.190365
0.102076
0.138947
0.161649
0.143843
0.17042
0.144876
0.148564
0.0900371
0.130018
0.0970835
0.214125
0.15102
0.161284
0.151002
0.146719
0.160192
0.140244
0.166069
0.133142
0.153539
0.195479
0.131816
0.125834
0.130184
0.210083
0.175572
0.137409
0.153406
0.16637
0.193447
0.158096
0.100047
0.167471
0.106634
0.140654
0.131292
0.149125
0.213373
0.199568
0.19171
0.140955
0.103214
0.133603
0.158644
0.136533
0.10724
0.146901
0.235078
0.195282
0.151823
0.15259
0.129771
0.118749
0.14532
0.145707
0.221748
0.189507
0.191631
0.158213
0.149127
0.106055
0.151642
0.281997
0.162345
0.104857
0.135206
0.158303
0.116408
0.0831883
0.100905
0.200959
0.161179
0.160193
0.139468
0.179836
0.224823
0.135582
0.224928
0.249821
0.119918
0.0849169
0.112211
0.125648
0.19334
0.183253
0.102626
0.149343
0.191484
0.128152
0.115934
0.163105
0.04651
0.138142
0.196604
0.12366
0.163726
0.154549
0.0979473
0.148703
0.121497
0.134666
0.0664672
0.117077
0.113062
0.162494
0.144943
0.118222
0.119849
0.206676
0.184316
0.216643
0.11342
0.200294
0.148591
0.183801
0.0741468
0.127229
0.188606
0.13045
0.174119
0.141111
0.188483
0.146714
0.228867
0.148325
0.266659
0.137515
0.175817
0.111388
0.193093
0.211624
0.224327
0.103389
0.153234
0.190644
0.116191
0.159096
0.0864285
0.0799827
0.119041
0.127551
0.273178
0.178536
0.190052
0.176913
0.117674
0.134223
0.161108
0.157139
0.169944
0.207968
0.106596
0.14445
0.139696
0.231782
0.181783
0.120108
0.187729
0.102585
0.136364
0.0860471
0.154936
0.199989
0.222401
0.173642
0.140958
0.193087
0.122645
0.214937
0.159992
0.113618
0.0905526
0.173162
0.285117
0.171521
0.111959
0.0885755
0.103228
0.196667
0.207818
0.167872
0.198418
0.158178
0.201834
0.159143
0.153581
0.0764813
0.118997
0.0952585
0.18058
0.100149
0.11919
0.161407
0.132312
0.173282
0.234971
0.0793596
0.18413
0.0968652
0.119065
0.0914345
0.119398
0.138968
0.226019
0.229047
0.185251
0.115669
0.157597
0.0747861
0.0590734
0.259591
0.15803
0.0983204
0.198888
0.159153
0.16718
0.162697
0.292276
0.246162
0.187951
0.180911
0.098877
0.225229
0.100404
0.0945587
0.157754
0.152574
0.149228
0.142342
0.116509
0.141603
0.195811
0.140106
0.152535
0.138226
0.157128
0.123238
0.158801
0.184163
0.200722
0.123481
0.12517
0.197819
0.121585
0.132708
0.217863
0.203096
0.129107
0.179801
0.184824
0.131175
0.126379
0.157335
0.120029
0.0990421
0.130294
0.174695
0.141203
0.190763
0.201416
0.159201
0.083666
0.163715
0.185744
0.187592
0.0997138
0.145964
0.112534
0.236429
0.134725
0.183414
0.174693
0.153698
0.129372
0.171147
0.218398
0.129686
0.229693
0.221071
0.153562
0.173527
0.13965
0.175642
0.159036
0.101691
0.193183
0.170254
0.146211
0.216591
0.131682
0.119593
0.18288
0.1972
0.11946
0.107615
0.0749877
0.0911325
0.231376
0.187505
0.183662
0.197948
0.0734822
0.221944
0.132847
0.0918154
0.14182
0.148182
0.142775
0.147771
0.171827
0.176785
0.171013
0.0883827
0.13218
0.11438
0.147506
0.196461
0.165907
0.185717
0.273886
0.22899
0.185398
0.14867
0.16553
0.120124
0.197643
0.291861
0.107153
0.203078
0.195025
0.227297
0.182278
0.0911484
0.152606
0.0850879
0.180273
0.125035
0.141519
0.20988
0.228101
0.156472
0.154475
0.125086
0.165521
0.206647
0.189915
0.150274
0.259345
0.136382
0.0943788
0.111592
0.106894
0.135645
0.152259
0.104535
0.118562
0.0769915
0.201978
0.198485
0.124237
0.109989
0.0983649
0.167092
0.130638
0.139921
0.126953
0.178991
0.15591
0.168068
0.206581
0.116955
0.168932
0.168262
0.19697
0.209029
0.187003
0.148754
0.110581
0.170469
0.119012
0.134213
0.141025
0.175866
0.1698
0.0956505
0.143762
0.159644
0.111868
0.150502
0.161796
0.152359
0.185539
0.139058
0.159561
0.151916
0.156447
0.12569
0.0817349
0.0687177
0.160699
0.176515
0.135657
0.207736
0.216294
0.101307
0.112585
0.144249
0.120218
0.132653
0.0873585
0.125032
0.144666
0.146821
0.19073
0.0811277
0.139525
0.0731046
0.171671
0.230466
0.184093
0.162493
0.0721539
0.145182
0.146065
0.0965829
0.16143
0.189213
0.196787
0.19762
0.121399
0.100514
0.0929281
0.155693
0.115325
0.178624
0.140986
0.151274
0.113697
0.169144
0.209683
0.130956
0.195597
0.14705
0.170398
0.174821
0.168108
0.166642
0.188118
0.16284
0.120858
0.143387
0.106406
0.120436
0.21036
0.151031
0.119547
0.0829271
0.165815
0.145914
0.13713
0.151465
0.143885
0.14514
0.100506
0.173375
0.101306
0.15587
0.207952
0.13594
0.126766
0.141839
0.161655
0.0841715
0.159347
0.140874
0.146445
0.122365
0.165148
0.234848
0.154093
0.215801
0.161289
0.217322
0.127064
0.207129
0.135719
0.156569
0.146633
0.123582
0.195345
0.130267
0.195154
0.140219
0.110155
0.160287
0.138885
0.168821
0.117614
0.197727
0.192424
0.100786
0.137736
0.165738
0.144205
0.170358
0.147345
0.146353
0.0896855
0.133957
0.0940763
0.214751
0.150846
0.145363
0.15587
0.130638
0.155978
0.13225
0.169105
0.132748
0.154598
0.191489
0.133335
0.125146
0.132868
0.208437
0.179305
0.138827
0.149014
0.159165
0.19076
0.163092
0.0966091
0.175729
0.10247
0.138091
0.133649
0.148648
0.210931
0.20123
0.188471
0.135584
0.103266
0.134992
0.155369
0.134762
0.107651
0.148508
0.227439
0.195379
0.152105
0.1511
0.127833
0.118963
0.146114
0.146381
0.219338
0.190979
0.192662
0.16072
0.148939
0.105834
0.151886
0.282394
0.164608
0.103298
0.136929
0.152175
0.114142
0.0838931
0.100231
0.204149
0.160741
0.161455
0.140388
0.179662
0.223618
0.134706
0.226181
0.249708
0.119048
0.0850823
0.109939
0.12698
0.195197
0.186309
0.10435
0.140549
0.191281
0.126054
0.122064
0.165674
0.0469793
0.139751
0.194952
0.124147
0.163633
0.152319
0.097501
0.148856
0.119527
0.134682
0.0655768
0.118519
0.111305
0.162823
0.143317
0.117937
0.121025
0.209414
0.183484
0.217983
0.112507
0.202888
0.148369
0.184704
0.0738654
0.124652
0.1904
0.13066
0.183599
0.135955
0.19197
0.139398
0.222164
0.14721
0.266676
0.137883
0.176216
0.109283
0.189696
0.212358
0.223395
0.102686
0.156843
0.187415
0.116992
0.160468
0.0857899
0.0784364
0.119377
0.126892
0.271705
0.175721
0.190628
0.176425
0.119499
0.134337
0.162803
0.159302
0.170237
0.204896
0.107086
0.143071
0.140444
0.235195
0.180465
0.1205
0.184093
0.103168
0.138923
0.0882925
0.149969
0.195964
0.225299
0.174865
0.139827
0.192993
0.123361
0.212583
0.159388
0.113285
0.0903291
0.17348
0.287322
0.170082
0.113426
0.0895378
0.102721
0.197116
0.202826
0.160982
0.201525
0.159856
0.200574
0.160796
0.152101
0.0766315
0.119345
0.096294
0.177346
0.10061
0.118014
0.162331
0.132312
0.171457
0.232769
0.0803326
0.185119
0.0960892
0.118832
0.0925288
0.11874
0.139057
0.223486
0.227899
0.184344
0.114521
0.158891
0.0761653
0.0588426
0.258898
0.156344
0.098558
0.201757
0.158564
0.171867
0.163681
0.188019
0.138703
0.22497
0.17058
0.0942211
0.228066
0.104053
0.099703
0.15914
0.151158
0.149368
0.137298
0.119343
0.136717
0.184687
0.150972
0.139352
0.142021
0.157464
0.122306
0.16303
0.183163
0.226084
0.12531
0.121001
0.19379
0.124841
0.137473
0.221288
0.204776
0.129795
0.176466
0.187199
0.125219
0.124494
0.159655
0.121528
0.0997023
0.127075
0.17011
0.141634
0.189613
0.203943
0.158474
0.0780152
0.164188
0.189552
0.192789
0.103979
0.143376
0.109631
0.231843
0.136745
0.180241
0.175291
0.156346
0.128543
0.172389
0.217394
0.129679
0.232437
0.218226
0.1531
0.172386
0.137467
0.176947
0.158085
0.101539
0.195545
0.171106
0.14742
0.2152
0.13196
0.120981
0.177348
0.198129
0.118067
0.106471
0.0724567
0.0892745
0.228847
0.187333
0.18643
0.197591
0.0724763
0.222686
0.131808
0.0961611
0.140399
0.14563
0.144815
0.147868
0.173346
0.177835
0.17003
0.0891686
0.133028
0.111024
0.148624
0.1958
0.169152
0.184205
0.273794
0.23043
0.18174
0.147858
0.165271
0.123077
0.18877
0.288507
0.106085
0.204995
0.194556
0.227913
0.183946
0.0905847
0.152569
0.0859024
0.178885
0.125496
0.140733
0.212119
0.210338
0.15514
0.157706
0.123797
0.165947
0.202261
0.190636
0.151975
0.255079
0.140088
0.0957187
0.112231
0.107628
0.137955
0.152508
0.104656
0.117985
0.0765395
0.202422
0.198547
0.1243
0.108445
0.0991703
0.167292
0.129672
0.139201
0.126726
0.179898
0.156475
0.16958
0.204202
0.119152
0.170137
0.168095
0.190231
0.204183
0.189954
0.149664
0.109182
0.173005
0.117091
0.131969
0.140732
0.179414
0.166891
0.0955944
0.147856
0.156458
0.112357
0.153233
0.161961
0.150632
0.181166
0.138118
0.156007
0.155089
0.15852
0.126732
0.0817625
0.0697211
0.157413
0.174123
0.134466
0.206595
0.216581
0.101074
0.111904
0.146034
0.117287
0.138753
0.0889309
0.12447
0.143094
0.143495
0.193846
0.0765448
0.140043
0.0719797
0.174397
0.240514
0.158705
0.156027
0.0702614
0.143271
0.149714
0.0986514
0.160479
0.189233
0.193903
0.201359
0.119066
0.100806
0.0951209
0.158752
0.111705
0.179907
0.14007
0.152041
0.113756
0.167957
0.205275
0.123285
0.194461
0.149192
0.167975
0.178613
0.170618
0.166523
0.190268
0.165266
0.119623
0.145309
0.107341
0.120053
0.211917
0.151972
0.117496
0.0829627
0.163069
0.144125
0.137363
0.146706
0.144135
0.144568
0.0996187
0.173056
0.101233
0.157061
0.208377
0.137064
0.125163
0.140968
0.162492
0.0892917
0.162151
0.13708
0.148053
0.124214
0.165453
0.239825
0.139716
0.209831
0.161586
0.21666
0.127306
0.205978
0.138785
0.155217
0.147922
0.121901
0.195878
0.131693
0.193983
0.140895
0.110414
0.157552
0.137975
0.168783
0.118223
0.196123
0.188313
0.100424
0.14244
0.162823
0.142201
0.168413
0.143997
0.145542
0.0922243
0.132432
0.097881
0.212867
0.153968
0.156565
0.142951
0.143842
0.158152
0.140275
0.169365
0.134259
0.154424
0.194848
0.133495
0.123913
0.129895
0.210844
0.17572
0.135461
0.150199
0.174026
0.195536
0.159717
0.100168
0.164694
0.108704
0.138572
0.133855
0.149206
0.201489
0.201615
0.19118
0.137695
0.104227
0.126986
0.159481
0.136845
0.105232
0.152138
0.221775
0.19465
0.147679
0.149923
0.1266
0.118472
0.146436
0.146767
0.218142
0.193063
0.192787
0.161332
0.149119
0.104809
0.152812
0.279097
0.162803
0.104216
0.137886
0.154709
0.112991
0.0827596
0.100834
0.201237
0.158728
0.161421
0.141507
0.177487
0.22356
0.134394
0.227701
0.249434
0.118759
0.0852859
0.109055
0.126143
0.195293
0.187704
0.106521
0.140303
0.192114
0.128522
0.116351
0.164163
0.045795
0.13839
0.191666
0.124776
0.163263
0.150448
0.0968655
0.147603
0.121112
0.134739
0.0667789
0.116106
0.113568
0.161123
0.148249
0.117513
0.121946
0.210194
0.184753
0.220921
0.110486
0.200285
0.146106
0.184771
0.073078
0.127299
0.190887
0.13057
0.187079
0.133369
0.189266
0.134478
0.219466
0.146418
0.265723
0.135821
0.175877
0.111251
0.191613
0.211188
0.222915
0.103335
0.15312
0.18965
0.115243
0.158005
0.0858727
0.0781658
0.120121
0.124965
0.267982
0.175566
0.189544
0.177998
0.11767
0.133116
0.162205
0.159336
0.172071
0.201919
0.107686
0.141877
0.141127
0.233749
0.18007
0.120406
0.179143
0.104316
0.133536
0.0881029
0.152087
0.196063
0.224171
0.174263
0.140094
0.19267
0.122863
0.213201
0.160594
0.112491
0.0920012
0.172485
0.273681
0.165537
0.115737
0.0882433
0.103976
0.198489
0.204673
0.163958
0.19989
0.154277
0.200487
0.160673
0.15339
0.0763506
0.12032
0.0953432
0.178249
0.101044
0.116137
0.160189
0.133217
0.170539
0.232999
0.0799565
0.184804
0.096957
0.118171
0.0920654
0.118795
0.138712
0.222097
0.227835
0.183861
0.114258
0.157566
0.0777097
0.0595574
0.257941
0.158081
0.0968226
0.200175
0.158275
0.182873
0.164113
0.185337
0.139539
0.225627
0.167862
0.0948684
0.230718
0.101803
0.0969735
0.156691
0.149291
0.149457
0.137887
0.120886
0.138295
0.187697
0.149013
0.13917
0.138355
0.151429
0.13247
0.162026
0.186248
0.220982
0.127302
0.122506
0.19233
0.121327
0.138085
0.219361
0.205613
0.130054
0.173054
0.186309
0.12637
0.125098
0.157031
0.121606
0.0994167
0.128214
0.169496
0.142046
0.189315
0.204177
0.158317
0.0799226
0.161897
0.191231
0.192729
0.103651
0.140764
0.110917
0.230877
0.13618
0.181104
0.173122
0.155513
0.1293
0.171361
0.218429
0.129157
0.231896
0.217772
0.152449
0.172875
0.135237
0.178236
0.158176
0.101674
0.192685
0.170968
0.147626
0.215245
0.13192
0.121647
0.175846
0.197268
0.117871
0.106238
0.0726657
0.0892529
0.229241
0.187216
0.187664
0.198444
0.0735603
0.222575
0.132596
0.094251
0.139177
0.145988
0.143625
0.147892
0.171374
0.178129
0.168962
0.0889735
0.13189
0.111508
0.148928
0.19702
0.168323
0.18432
0.273893
0.230538
0.182595
0.147403
0.166459
0.120043
0.186505
0.290254
0.106796
0.204435
0.193848
0.226693
0.182462
0.0906448
0.151922
0.0876542
0.177233
0.126161
0.140617
0.209247
0.211174
0.156294
0.156791
0.121118
0.165105
0.201441
0.189977
0.15082
0.252739
0.136335
0.0974891
0.113763
0.107071
0.138048
0.151813
0.10462
0.117899
0.0773666
0.200855
0.198495
0.124166
0.108638
0.0989355
0.165794
0.128385
0.14055
0.12827
0.180745
0.155404
0.162484
0.207495
0.116257
0.170308
0.169571
0.19031
0.197652
0.186687
0.151342
0.108319
0.171135
0.117588
0.133988
0.139493
0.176924
0.168965
0.095738
0.144461
0.15851
0.113259
0.152361
0.160586
0.15129
0.180428
0.136121
0.155335
0.155209
0.158235
0.127874
0.0825644
0.0697645
0.15514
0.175087
0.134499
0.206571
0.215855
0.101764
0.112777
0.145573
0.117285
0.135364
0.0880795
0.123203
0.140734
0.149172
0.193789
0.0736936
0.142088
0.0737465
0.173873
0.237104
0.152782
0.159704
0.0684198
0.144222
0.14525
0.0998114
0.16077
0.188003
0.19464
0.19796
0.118194
0.101889
0.09443
0.160641
0.110425
0.181715
0.140049
0.149005
0.113587
0.167368
0.205621
0.122451
0.194661
0.147616
0.169458
0.180215
0.167995
0.164842
0.190333
0.167931
0.119791
0.144262
0.106236
0.119367
0.213131
0.152317
0.116076
0.0818077
0.162874
0.14328
0.13764
0.148321
0.144728
0.142719
0.100708
0.172205
0.0983525
0.155871
0.207853
0.137756
0.12288
0.141217
0.16303
0.0892997
0.161939
0.135739
0.147037
0.123313
0.157001
0.244944
0.1397
0.205303
0.162578
0.214131
0.128241
0.206737
0.139273
0.155066
0.146995
0.12133
0.195885
0.131244
0.194278
0.142124
0.108368
0.156157
0.138786
0.170016
0.118621
0.195221
0.19011
0.100489
0.141869
0.163283
0.14229
0.170333
0.14657
0.145243
0.0897423
0.131805
0.0979506
0.212077
0.154906
0.16291
0.138739
0.142639
0.159643
0.138868
0.169245
0.134192
0.15282
0.193413
0.133456
0.124532
0.129553
0.211048
0.172885
0.134992
0.150041
0.176609
0.196195
0.16233
0.10025
0.162925
0.108944
0.138217
0.134628
0.147432
0.199871
0.202635
0.193668
0.137794
0.105923
0.125435
0.161051
0.136251
0.107254
0.148103
0.219102
0.194624
0.147939
0.15009
0.125992
0.118981
0.146051
0.145524
0.21971
0.191484
0.19221
0.160594
0.149338
0.104899
0.152129
0.279226
0.163606
0.103478
0.138255
0.153886
0.111646
0.0835569
0.101497
0.20238
0.15504
0.162167
0.140925
0.176696
0.22331
0.135057
0.228655
0.24927
0.118201
0.0855723
0.107135
0.125998
0.196354
0.188386
0.105405
0.140899
0.192507
0.127352
0.117015
0.164065
0.045836
0.137157
0.19104
0.125016
0.163351
0.150061
0.0974187
0.149425
0.116267
0.135092
0.0664622
0.117608
0.111164
0.160907
0.147679
0.118586
0.1216
0.207517
0.183792
0.220269
0.111939
0.201771
0.146175
0.184856
0.0718686
0.129779
0.189559
0.128972
0.187032
0.132687
0.188586
0.133824
0.218358
0.145583
0.266568
0.13516
0.176886
0.111962
0.190938
0.211414
0.221473
0.103224
0.152288
0.189328
0.114566
0.15927
0.0854838
0.0772349
0.119703
0.122861
0.268417
0.175842
0.190312
0.177453
0.117725
0.13285
0.163991
0.158788
0.172432
0.202145
0.108624
0.141433
0.141226
0.23418
0.176524
0.120681
0.178221
0.10514
0.133245
0.0884262
0.150518
0.193489
0.223652
0.173014
0.143977
0.193092
0.123093
0.214326
0.160607
0.112494
0.0927338
0.171769
0.27058
0.164153
0.115676
0.0871951
0.103819
0.199116
0.202685
0.168062
0.201033
0.152136
0.199214
0.159226
0.152542
0.077051
0.120951
0.0944822
0.177784
0.102779
0.115381
0.158986
0.132138
0.168968
0.23261
0.0809847
0.184786
0.0973528
0.118344
0.0913172
0.119563
0.139617
0.220761
0.226422
0.184062
0.113244
0.156531
0.0788614
0.0601388
0.257023
0.157685
0.0963476
0.19838
0.158975
0.174482
0.16248
0.187966
0.137982
0.223411
0.167424
0.0949795
0.230267
0.101743
0.0967993
0.157972
0.149946
0.148796
0.138447
0.121699
0.139149
0.189194
0.147425
0.139461
0.13657
0.150838
0.132908
0.162971
0.187104
0.215766
0.127811
0.121218
0.193126
0.12203
0.135899
0.217472
0.205912
0.130061
0.171681
0.188698
0.125412
0.125348
0.157027
0.121405
0.0990814
0.128607
0.169039
0.141895
0.189966
0.203769
0.159242
0.0802608
0.161589
0.189373
0.192313
0.103359
0.140295
0.113351
0.230605
0.133509
0.182603
0.172291
0.153979
0.129122
0.172284
0.220098
0.129085
0.229914
0.216453
0.151776
0.173652
0.134299
0.178208
0.158021
0.10143
0.192227
0.170241
0.147283
0.215709
0.131642
0.123036
0.1745
0.194931
0.11873
0.106064
0.0733492
0.0896666
0.22974
0.187691
0.189504
0.197658
0.0740863
0.221731
0.132439
0.0936462
0.139258
0.148426
0.14085
0.146838
0.168572
0.177668
0.168607
0.0899302
0.131067
0.112474
0.148088
0.198048
0.166972
0.184328
0.272653
0.229426
0.181971
0.147373
0.167963
0.113916
0.186536
0.293058
0.107584
0.201549
0.193727
0.226466
0.182738
0.0909312
0.152173
0.0878935
0.176752
0.126603
0.141738
0.208686
0.201018
0.155828
0.158679
0.122714
0.165148
0.201348
0.19062
0.150263
0.254206
0.138569
0.0964767
0.114268
0.10587
0.135793
0.150011
0.105679
0.119477
0.0772194
0.201849
0.195249
0.125131
0.108401
0.0975075
0.167281
0.129582
0.13923
0.128747
0.180341
0.154797
0.161379
0.205627
0.116533
0.169754
0.169377
0.188279
0.19268
0.189184
0.154647
0.0994172
0.17187
0.11643
0.132364
0.14159
0.177392
0.168646
0.096893
0.144165
0.15934
0.114589
0.153987
0.162207
0.15116
0.176839
0.134731
0.154683
0.157064
0.158161
0.125783
0.0813008
0.0702051
0.156032
0.175199
0.134083
0.207301
0.214305
0.101034
0.111961
0.145223
0.115875
0.141503
0.0890316
0.122796
0.139476
0.142813
0.192615
0.0739688
0.139216
0.0722225
0.173191
0.235147
0.210353
0.165514
0.0672796
0.147658
0.138033
0.097867
0.160995
0.188494
0.195157
0.201709
0.117959
0.103366
0.0899905
0.159062
0.110367
0.179841
0.139784
0.148553
0.116281
0.161102
0.213097
0.118672
0.193184
0.143261
0.170977
0.183145
0.167494
0.164207
0.188543
0.16466
0.11586
0.145507
0.106582
0.114801
0.206705
0.147636
0.127068
0.0820693
0.166461
0.149414
0.133106
0.144758
0.142779
0.140135
0.102548
0.175703
0.0976188
0.154464
0.207745
0.139616
0.119962
0.138946
0.163821
0.0915438
0.165852
0.13225
0.145867
0.121557
0.152045
0.247862
0.140018
0.202558
0.160705
0.212526
0.126541
0.207574
0.138781
0.154623
0.146402
0.119593
0.196378
0.131853
0.193861
0.143952
0.107662
0.155699
0.138769
0.171038
0.1167
0.194948
0.191366
0.100233
0.137394
0.176314
0.141915
0.169313
0.145577
0.146926
0.0872376
0.131784
0.0965741
0.215244
0.157564
0.154624
0.1448
0.147277
0.159456
0.137107
0.165517
0.133916
0.153115
0.191096
0.135502
0.122932
0.127206
0.211201
0.176161
0.14271
0.147406
0.161978
0.195993
0.155018
0.103011
0.166355
0.107492
0.135931
0.132031
0.153037
0.200111
0.201852
0.195753
0.137612
0.10414
0.133746
0.155952
0.138233
0.105082
0.148883
0.223745
0.189601
0.146328
0.151159
0.125661
0.119612
0.145551
0.143471
0.218587
0.192441
0.192062
0.162408
0.148571
0.104872
0.15216
0.280348
0.164076
0.102135
0.138658
0.152388
0.113298
0.0841575
0.102124
0.202303
0.153258
0.162918
0.139498
0.176573
0.223273
0.136677
0.228127
0.247754
0.118121
0.0857964
0.106769
0.12711
0.195935
0.186995
0.105692
0.139509
0.192285
0.126762
0.119168
0.166098
0.0473001
0.137345
0.190722
0.123205
0.162733
0.149739
0.0975961
0.150693
0.114789
0.134612
0.0660721
0.118327
0.110394
0.161328
0.146893
0.119528
0.122127
0.210248
0.185941
0.221944
0.109975
0.202149
0.146829
0.187032
0.0717226
0.12328
0.192362
0.130054
0.190221
0.129302
0.190336
0.132108
0.217438
0.144771
0.265591
0.136468
0.178126
0.111731
0.188203
0.212236
0.22032
0.102841
0.157109
0.188819
0.114368
0.156536
0.085177
0.0780991
0.120561
0.1213
0.264407
0.173924
0.190575
0.17755
0.118246
0.132739
0.164731
0.160537
0.172494
0.20317
0.109036
0.140851
0.142282
0.237799
0.170632
0.119332
0.179625
0.105224
0.135654
0.0893627
0.14766
0.192139
0.224833
0.176276
0.138251
0.193801
0.12326
0.211031
0.160466
0.113006
0.0918039
0.173186
0.269035
0.167862
0.114473
0.0884235
0.103684
0.198045
0.205735
0.163186
0.201579
0.152866
0.197584
0.159445
0.151614
0.0770913
0.121512
0.09544
0.176163
0.102124
0.113786
0.159033
0.132703
0.167475
0.231593
0.0805708
0.184383
0.0967121
0.119091
0.0914155
0.119515
0.138968
0.219996
0.225074
0.185008
0.112845
0.157622
0.0785882
0.0596498
0.253909
0.164267
0.100478
0.195046
0.163893
0.167221
0.166968
0.181739
0.135831
0.21927
0.165494
0.0932655
0.225025
0.101209
0.0981846
0.161394
0.151025
0.146703
0.138424
0.122116
0.137787
0.187321
0.148977
0.138987
0.13696
0.15479
0.122181
0.163021
0.185158
0.219255
0.128233
0.122331
0.194325
0.121548
0.134544
0.218888
0.205558
0.128563
0.17306
0.185591
0.124127
0.126595
0.156487
0.121792
0.0998038
0.127697
0.168173
0.142169
0.188998
0.204862
0.159295
0.0793246
0.160685
0.190552
0.192937
0.103996
0.137386
0.112107
0.232841
0.1314
0.182872
0.172393
0.152722
0.128672
0.171896
0.218317
0.128743
0.232467
0.214331
0.151521
0.173167
0.134388
0.178513
0.157914
0.102748
0.190914
0.170448
0.148796
0.215746
0.131074
0.123762
0.172255
0.19196
0.118736
0.106188
0.073984
0.0896271
0.229627
0.187491
0.187766
0.197626
0.0737581
0.221633
0.132645
0.0923047
0.141136
0.150694
0.144291
0.1332
1.2679
0.149724
0.172575
0.0868103
0.135624
0.113577
0.142993
0.194495
0.164483
0.180457
0.262797
0.235773
0.174294
0.141267
0.165383
0.116661
0.172656
0.293383
0.105638
0.189259
0.188242
0.225258
0.182256
0.0911168
0.153275
0.0897933
0.178553
0.130911
0.145373
0.210458
0.174792
0.15772
0.159176
0.114687
0.167242
0.198481
0.18903
0.153445
0.246629
0.130263
0.097634
0.110475
0.103828
0.1311
0.146596
0.104834
0.121095
0.0761079
0.194883
0.189295
0.127261
0.10839
0.0982995
0.16632
0.129536
0.139877
0.1286
0.178813
0.147993
0.15683
0.203267
0.117171
0.170884
0.16631
0.188235
0.1827
0.186855
0.156164
0.0946823
0.168869
0.114493
0.130968
0.141417
0.1828
0.169682
0.100427
0.141788
0.161311
0.111645
0.154114
0.164292
0.15191
0.172293
0.129709
0.154686
0.15185
0.156325
0.127864
0.0835455
0.0717197
0.157882
0.170642
0.133191
0.204326
0.217607
0.100257
0.108994
0.147607
0.115931
0.134499
0.0867533
0.123194
0.143841
0.141916
0.197818
0.0737174
0.143282
0.0765819
0.171837
0.240136
0.149377
0.159258
0.0687628
0.14512
0.138848
0.100785
0.161112
0.188514
0.194475
0.19572
0.115499
0.104806
0.0920542
0.160415
0.111635
0.180724
0.140845
0.147428
0.112385
0.169392
0.196991
0.119287
0.194109
0.147917
0.172308
0.178697
0.16465
0.165575
0.192127
0.166768
0.120517
0.143123
0.106416
0.120509
0.210378
0.152117
0.112731
0.0815763
0.164933
0.14102
0.140001
0.152198
0.145472
0.142282
0.102043
0.171974
0.0973277
0.157161
0.206946
0.136901
0.121266
0.139439
0.164371
0.0916144
0.16043
0.132575
0.149363
0.1212
0.15179
0.250693
0.137908
0.200704
0.161996
0.21376
0.127761
0.205472
0.138394
0.154829
0.145978
0.121147
0.196355
0.129425
0.194295
0.142294
0.106581
0.155343
0.140234
0.170657
0.117575
0.194665
0.191224
0.100407
0.139988
0.164155
0.144068
0.169805
0.148548
0.144221
0.0869804
0.125865
0.0961555
0.214127
0.155459
0.150866
0.16752
0.143274
0.156352
0.134467
0.163623
0.136262
0.152945
0.190294
0.133337
0.126447
0.127817
0.213694
0.170987
0.133396
0.216077
0.171941
0.191645
0.166772
0.106104
0.161123
0.109084
0.133773
0.134044
0.146764
0.191818
0.205728
0.189179
0.136582
0.106899
0.130588
0.152056
0.136091
0.108686
0.144194
0.202372
0.196514
0.144097
0.152137
0.126324
0.119612
0.149999
0.144608
0.22325
0.186947
0.194006
0.152399
0.14667
0.107291
0.152495
0.279736
0.165812
0.102558
0.139503
0.151723
0.112034
0.0858019
0.103003
0.202202
0.145951
0.161541
0.139153
0.175727
0.223563
0.136408
0.228948
0.251747
0.117211
0.0859456
0.106815
0.126272
0.196176
0.187849
0.105216
0.141146
0.189974
0.124879
0.120654
0.164492
0.0464536
0.136738
0.19183
0.123136
0.162882
0.149238
0.0976937
0.150059
0.112728
0.13329
0.066247
0.118658
0.111302
0.159662
0.146266
0.120488
0.120988
0.210834
0.186734
0.22268
0.110058
0.201842
0.146443
0.185626
0.0707813
0.127743
0.192082
0.129786
0.190297
0.12961
0.189185
0.12999
0.217871
0.142336
0.265793
0.135465
0.177366
0.114409
0.186994
0.213013
0.22083
0.102741
0.15637
0.186206
0.114771
0.155506
0.0839991
0.0783307
0.119062
0.117206
0.262474
0.174924
0.188647
0.178759
0.116551
0.133253
0.165252
0.158868
0.172915
0.203212
0.110204
0.140679
0.142199
0.23575
0.171036
0.120862
0.176771
0.108327
0.133522
0.0901061
0.147004
0.192537
0.224037
0.174694
0.137059
0.192573
0.125623
0.213394
0.159499
0.11381
0.0913321
0.172538
0.265805
0.17007
0.114236
0.0893117
0.102369
0.200397
0.206927
0.157079
0.199489
0.15213
0.197773
0.159075
0.152157
0.0773091
0.121685
0.0945597
0.176405
0.103195
0.11406
0.158605
0.132618
0.167423
0.231779
0.0801132
0.184451
0.0975454
0.118699
0.0914915
0.120343
0.138373
0.220157
0.222934
0.184581
0.11274
0.157916
0.08165
0.0599169
0.257179
0.158001
0.095339
0.196905
0.160993
0.165741
0.169197
0.186653
0.134518
0.220179
0.164099
0.0949423
0.226462
0.100519
0.095978
0.158275
0.149031
0.148373
0.137732
0.121493
0.138802
0.188602
0.146759
0.138347
0.136939
0.150594
0.133459
0.163343
0.189521
0.208658
0.129892
0.12307
0.19118
0.120701
0.134184
0.217246
0.205235
0.130533
0.172094
0.189402
0.124612
0.127083
0.155001
0.120904
0.0986186
0.128804
0.166769
0.144703
0.18763
0.203085
0.159433
0.0805561
0.160234
0.190782
0.19334
0.10523
0.136257
0.113509
0.230558
0.129599
0.1828
0.172943
0.151596
0.128721
0.172508
0.21975
0.129914
0.23076
0.21491
0.152002
0.174224
0.133982
0.177997
0.159044
0.102995
0.188567
0.16897
0.149046
0.215441
0.131521
0.124278
0.170953
0.190873
0.119086
0.10579
0.0725991
0.0903711
0.22951
0.187766
0.186577
0.199323
0.0740272
0.224331
0.133523
0.0944831
0.136089
0.148491
0.139138
0.144837
0.165206
0.178395
0.167921
0.0895112
0.131819
0.112609
0.147839
0.197794
0.166935
0.182378
0.272907
0.229594
0.181054
0.145476
0.166961
0.117949
0.186861
0.29198
0.10821
0.200834
0.191267
0.226153
0.182085
0.0907261
0.151898
0.0892419
0.1762
0.128241
0.141942
0.206295
0.193227
0.155754
0.15914
0.121726
0.16558
0.201643
0.190881
0.150369
0.251913
0.138907
0.0956441
0.11389
0.105966
0.134394
0.148853
0.10547
0.119448
0.0758449
0.202831
0.19369
0.125959
0.108213
0.0979867
0.16643
0.129398
0.138653
0.128346
0.179048
0.155216
0.163754
0.204837
0.117406
0.169698
0.168375
0.182908
0.191545
0.189363
0.155627
0.0994117
0.173627
0.115032
0.131725
0.138706
0.178527
0.165036
0.0961852
0.147052
0.158255
0.116569
0.154978
0.164445
0.151724
0.171232
0.133574
0.151927
0.15838
0.157403
0.126099
0.0815976
0.0713418
0.156773
0.172548
0.134097
0.207701
0.213132
0.102177
0.110826
0.146143
0.11759
0.134975
0.0881792
0.12378
0.140507
0.142928
0.187153
0.0761911
0.135635
0.0739073
0.16377
0.238742
0.879161
0.163818
0.0750019
0.131783
0.138056
0.0924948
0.176336
0.171979
0.199559
0.204773
0.121644
0.112203
0.0859391
0.155617
0.104851
0.169489
0.134562
0.150725
0.127275
0.154062
0.181649
0.106998
0.195668
0.136912
0.174237
0.183677
0.170285
0.167368
0.182418
0.162935
0.117339
0.141433
0.10548
0.118254
0.209125
0.148703
0.113602
0.0745484
0.169018
0.139939
0.139055
0.147712
0.140071
0.134481
0.100177
0.172513
0.0932272
0.154391
0.203593
0.142924
0.117438
0.137616
0.162429
0.0899562
0.144768
0.137747
0.144674
0.11932
0.15333
0.246898
0.136666
0.202898
0.15947
0.21284
0.125623
0.200823
0.136956
0.150693
0.145026
0.117401
0.197545
0.131113
0.193365
0.145715
0.109769
0.151335
0.137172
0.169737
0.11456
0.19369
0.198187
0.0983789
0.118942
4.93362
0.147581
0.173265
0.150053
0.152169
0.066024
0.119959
0.110253
0.20258
0.175315
0.173749
0.151314
0.131445
0.155169
0.130927
0.160978
0.135507
0.152591
0.173967
0.136879
0.116691
0.12174
0.219168
0.161108
0.135541
0.121279
0.162762
0.194297
0.170542
0.109283
0.16028
0.0961021
0.125721
0.14093
0.151964
0.17705
0.208697
0.186516
0.130963
0.119056
0.141167
0.148589
0.128176
0.108229
0.137757
0.179984
0.183592
0.139082
0.152509
0.123488
0.123076
0.153053
0.138512
0.223758
0.183134
0.211224
0.141529
0.142281
0.115776
0.156814
0.27161
0.16917
0.100028
0.140434
0.145068
0.110711
0.0878359
0.102826
0.20456
0.139605
0.169576
0.136362
0.175123
0.219789
0.131263
0.220895
0.253278
0.115158
0.0944327
0.101671
0.123331
0.194292
0.192966
0.108639
0.140082
0.19287
0.122087
0.12023
0.166536
0.0479078
0.133815
0.18938
0.120996
0.161826
0.151746
0.0997922
0.149069
0.109789
0.135392
0.0672668
0.115945
0.11224
0.158902
0.142461
0.119237
0.124926
0.207862
0.192053
0.22601
0.108321
0.201435
0.147571
0.190304
0.0684127
0.124103
0.1926
0.12952
0.191115
0.126865
0.195825
0.129077
0.216161
0.141603
0.266654
0.134949
0.177806
0.111449
0.185477
0.212519
0.217574
0.100837
0.159105
0.182392
0.115528
0.161572
0.0843169
0.0764362
0.119538
0.117934
0.260263
0.169202
0.188
0.177415
0.118235
0.135402
0.16583
0.159418
0.170588
0.203092
0.110184
0.141754
0.141071
0.237238
0.17008
0.120756
0.176236
0.109395
0.134391
0.0892609
0.145787
0.19407
0.226566
0.175072
0.137645
0.196366
0.12711
0.21369
0.160369
0.11388
0.0912932
0.171919
0.263668
0.167909
0.115043
0.0890095
0.102692
0.199768
0.203594
0.162606
0.200073
0.151537
0.196369
0.157856
0.15051
0.0766522
0.121639
0.0929057
0.176751
0.100924
0.115607
0.159907
0.133211
0.167079
0.230807
0.0805912
0.183923
0.097347
0.118841
0.0908795
0.119761
0.138293
0.21926
0.224675
0.185072
0.112796
0.15692
0.0800374
0.0599786
0.255124
0.162865
0.0963551
0.196214
0.162744
0.168154
0.164879
0.183443
0.136938
0.214732
0.162436
0.0920002
0.22617
0.101884
0.0979718
0.162102
0.15113
0.147817
0.136662
0.121635
0.137052
0.186282
0.146855
0.140658
0.138823
0.155541
0.118483
0.16343
0.186531
0.213071
0.127557
0.118099
0.195074
0.121801
0.137787
0.222583
0.20755
0.128669
0.172848
0.186532
0.123544
0.127696
0.154319
0.122505
0.0996174
0.127836
0.167117
0.143348
0.186857
0.20565
0.158831
0.0800264
0.160655
0.19077
0.190768
0.105255
0.13702
0.112955
0.232803
0.128015
0.181974
0.174845
0.150325
0.128747
0.173272
0.220613
0.128169
0.229635
0.212786
0.152143
0.173039
0.131551
0.180085
0.15997
0.103371
0.190191
0.170065
0.149184
0.215927
0.131894
0.125069
0.170607
0.188924
0.118902
0.105179
0.0739919
0.0912486
0.228818
0.187779
0.186071
0.198424
0.0740615
0.222197
0.13207
0.0935919
0.140341
0.151238
0.139397
0.144081
0.164932
0.179181
0.166277
0.0894384
0.131961
0.111036
0.148615
0.19744
0.167537
0.183504
0.27204
0.228742
0.179851
0.143855
0.163956
0.120049
0.185948
0.292605
0.110092
0.2004
0.191966
0.226306
0.181608
0.0906933
0.152153
0.0882121
0.176536
0.127542
0.141045
0.206271
0.193458
0.156209
0.158452
0.120713
0.165414
0.200821
0.190693
0.149014
0.250979
0.136799
0.0976609
0.11373
0.105541
0.135773
0.149502
0.105001
0.119228
0.0778384
0.200803
0.194813
0.125477
0.108724
0.0975251
0.1658
0.1289
0.139353
0.129606
0.178479
0.15335
0.159491
0.206125
0.11561
0.170541
0.168872
0.182313
0.191555
0.189208
0.155952
0.101599
0.172829
0.116102
0.132028
0.138298
0.17907
0.167895
0.0991709
0.142734
0.160489
0.115771
0.155429
0.16444
0.150761
0.170149
0.130732
0.152092
0.156882
0.157542
0.126102
0.0807035
0.0715
0.155669
0.173781
0.133496
0.207193
0.212791
0.101645
0.109953
0.147221
0.113762
0.145897
0.0907238
0.121635
0.139424
0.138968
0.19236
0.0738906
0.140721
0.0759591
0.16909
0.24092
0.154487
0.158054
0.0681872
0.144435
0.145341
0.0976432
0.162539
0.187077
0.195828
0.201284
0.117369
0.103656
0.0903614
0.15968
0.111675
0.179402
0.138963
0.147629
0.114436
0.165824
0.200427
0.117928
0.193034
0.14336
0.172918
0.182766
0.172102
0.167209
0.189224
0.16871
0.117586
0.145099
0.107947
0.12234
0.205798
0.151792
0.113605
0.0800586
0.164086
0.141717
0.136139
0.149133
0.143755
0.143158
0.103074
0.171385
0.0966433
0.155155
0.205579
0.137383
0.120606
0.139312
0.162584
0.0902735
0.158129
0.139544
0.145944
0.120348
0.154123
0.250726
0.139947
0.19967
0.161298
0.213069
0.128237
0.204608
0.138212
0.152328
0.14621
0.1209
0.197504
0.128547
0.194538
0.144243
0.104818
0.154127
0.139682
0.170115
0.115996
0.191665
0.191873
0.0992514
0.142137
0.162357
0.143516
0.170901
0.148066
0.142961
0.0860297
0.129443
0.0994905
0.211303
0.155795
0.156237
0.145922
0.149639
0.157702
0.138385
0.16671
0.138965
0.148692
0.192224
0.132718
0.12546
0.123902
0.213091
0.169562
0.137045
0.141215
0.201078
0.191146
0.162315
0.099403
0.161663
0.110041
0.13853
0.134696
0.150899
0.193368
0.203593
0.193794
0.136376
0.10745
0.130954
0.15419
0.137023
0.110023
0.144321
0.206078
0.19153
0.144102
0.151297
0.12532
0.120465
0.146644
0.142954
0.219445
0.189669
0.191622
0.161047
0.148345
0.105719
0.152769
0.278638
0.165287
0.102956
0.139901
0.149556
0.111808
0.0850115
0.103402
0.203401
0.144077
0.16303
0.14044
0.176265
0.221342
0.137513
0.229587
0.247486
0.117739
0.0851962
0.105635
0.125203
0.196998
0.18998
0.105057
0.142151
0.189656
0.121409
0.123324
0.165244
0.0465744
0.137086
0.188646
0.122644
0.161588
0.149976
0.0986232
0.151505
0.111152
0.134559
0.0656153
0.117184
0.11427
0.161213
0.148843
0.117414
0.122398
0.21134
0.188488
0.222273
0.106933
0.201886
0.146578
0.187851
0.0690622
0.127172
0.191686
0.129979
0.19284
0.126512
0.188048
0.127874
0.218185
0.140602
0.266935
0.135672
0.17696
0.114626
0.184905
0.213534
0.220792
0.102583
0.158912
0.185265
0.114733
0.156076
0.0837052
0.077722
0.120247
0.118097
0.254246
0.169581
0.18778
0.179067
0.119819
0.132843
0.167538
0.160897
0.17298
0.197849
0.109952
0.141443
0.14287
0.236835
0.171672
0.120508
0.176053
0.106887
0.133687
0.0899643
0.145804
0.190588
0.225749
0.178061
0.137185
0.194056
0.124312
0.212702
0.160921
0.112266
0.0913703
0.172318
0.253908
0.165934
0.115449
0.0900713
0.104048
0.201271
0.201824
0.160934
0.20275
0.151631
0.196433
0.160721
0.151348
0.0757006
0.123218
0.0948903
0.173841
0.102691
0.112483
0.157639
0.134167
0.165142
0.230951
0.0796231
0.18525
0.0967056
0.120257
0.0905332
0.119309
0.138941
0.217991
0.223991
0.184552
0.113859
0.157331
0.0810802
0.0597939
0.257451
0.159579
0.0933091
0.193357
0.237829
0.200269
0.159462
0.190397
0.1535
0.194751
0.16236
0.0884145
0.227208
0.102065
0.0961379
0.165206
0.153205
0.1478
0.136107
0.119023
0.135478
0.191547
0.138232
0.148099
0.138194
0.157367
0.117249
0.161415
0.187151
0.197248
0.126756
0.121028
0.199654
0.121321
0.134859
0.21614
0.204249
0.130234
0.172345
0.18273
0.125927
0.128528
0.153914
0.120167
0.0989396
0.129
0.16774
0.144032
0.185487
0.199565
0.159564
0.0805525
0.16109
0.189473
0.189857
0.104379
0.137861
0.113526
0.233626
0.129576
0.182677
0.174001
0.14916
0.1303
0.171342
0.218162
0.127408
0.233118
0.210884
0.152522
0.174625
0.130944
0.180429
0.159487
0.104874
0.186324
0.169029
0.149274
0.21736
0.13243
0.125718
0.169044
0.188417
0.117927
0.104508
0.0729889
0.0916269
0.227113
0.191641
0.182065
0.196743
0.0742747
0.222137
0.132552
0.0954524
0.138739
0.148801
0.138928
0.143641
0.166369
0.180588
0.165233
0.0903984
0.132515
0.111562
0.148331
0.198065
0.16847
0.183339
0.271409
0.229531
0.181096
0.144412
0.165895
0.117027
0.179396
0.292219
0.110818
0.200575
0.190147
0.225493
0.182092
0.0910644
0.152026
0.0899961
0.175835
0.128234
0.140899
0.20438
0.191703
0.156041
0.158901
0.120821
0.16498
0.19982
0.188693
0.14918
0.247874
0.134845
0.0980685
0.112745
0.102834
0.178612
0.149877
0.106398
0.120749
0.0779615
0.202465
0.189484
0.127914
0.107075
0.0976257
0.162513
0.128992
0.137283
0.131183
0.177777
0.150273
0.15662
0.205972
0.116378
0.172695
0.165849
0.182385
0.191336
0.188731
0.157569
0.0952346
0.169959
0.115659
0.130797
0.136547
0.181321
0.170611
0.100849
0.141282
0.160503
0.113707
0.155758
0.163344
0.15034
0.166425
0.130814
0.150622
0.154373
0.156523
0.129191
0.0826154
0.0710754
0.154973
0.176127
0.133044
0.205831
0.213404
0.100691
0.109039
0.145526
0.114355
0.140965
0.087568
0.120466
0.140666
0.139775
0.186526
0.0835211
0.139941
0.0751212
0.169429
0.24537
0.156187
0.160529
0.0667934
0.142548
0.144583
0.0962809
0.162787
0.186896
0.196838
0.200107
0.116172
0.10404
0.0894768
0.160386
0.112396
0.179544
0.139576
0.147369
0.116558
0.163231
0.199156
0.117454
0.192506
0.143938
0.172902
0.187213
0.168025
0.165503
0.189027
0.168978
0.117373
0.144696
0.106625
0.121841
0.205962
0.151754
0.113346
0.0813595
0.162898
0.142298
0.13961
0.149608
0.141436
0.143302
0.104086
0.170951
0.0966729
0.15419
0.204955
0.139075
0.119358
0.13774
0.16232
0.0911622
0.160598
0.138911
0.145153
0.119084
0.149685
0.253387
0.139181
0.200438
0.161122
0.213046
0.125775
0.204039
0.138676
0.152546
0.146648
0.120375
0.198029
0.130149
0.193776
0.146227
0.105396
0.151064
0.139251
0.171247
0.116187
0.191353
0.192567
0.0992922
0.141723
0.16
0.144566
0.168372
0.146809
0.142367
0.0902621
0.122037
0.0997864
0.211864
0.154187
0.150909
0.160294
0.129595
0.152662
0.139413
0.162682
0.137112
0.153127
0.188706
0.13501
0.123891
0.126436
0.218693
0.169984
0.138956
0.140508
0.166953
0.195498
0.159349
0.0998765
0.164616
0.105329
0.133415
0.133396
0.15196
0.195769
0.201406
0.193247
0.135589
0.103573
0.131047
0.155034
0.133942
0.107406
0.146431
0.210576
0.191767
0.143657
0.151065
0.125358
0.119162
0.145548
0.143716
0.218399
0.191607
0.192764
0.160835
0.147501
0.10545
0.152598
0.27853
0.166042
0.102271
0.140623
0.148075
0.110252
0.0852904
0.103365
0.205918
0.143059
0.163564
0.137653
0.176823
0.220084
0.138353
0.229287
0.247251
0.116827
0.0853295
0.103739
0.126124
0.198224
0.191443
0.106859
0.141221
0.190501
0.121952
0.119921
0.165769
0.0440428
0.137416
0.188714
0.124106
0.161917
0.149545
0.0980236
0.151774
0.110472
0.134167
0.066708
0.11678
0.113083
0.161555
0.150326
0.117728
0.123476
0.209339
0.189721
0.222357
0.106221
0.201963
0.147365
0.189226
0.0688072
0.124226
0.191692
0.129473
0.193484
0.125544
0.188515
0.127002
0.217349
0.14158
0.265225
0.135494
0.177829
0.113894
0.186418
0.213423
0.21988
0.102294
0.159813
0.184036
0.115351
0.156041
0.0836141
0.0773014
0.120366
0.117224
0.253344
0.170165
0.188235
0.178027
0.119237
0.13401
0.167442
0.16011
0.172707
0.199194
0.110676
0.142268
0.142005
0.235694
0.172676
0.12169
0.175108
0.107618
0.133914
0.0903149
0.144824
0.189253
0.22585
0.177728
0.136833
0.194737
0.126169
0.213715
0.160669
0.112567
0.0912473
0.170663
0.254862
0.163916
0.121411
0.0909197
0.104124
0.198858
0.202739
0.154281
0.201421
0.151059
0.195759
0.159589
0.150231
0.0775597
0.123574
0.0929072
0.174815
0.103171
0.112537
0.157685
0.133588
0.165302
0.228231
0.0804639
0.185025
0.0967885
0.118356
0.0912737
0.11981
0.138584
0.218477
0.221407
0.183721
0.113237
0.15776
0.0823553
0.0601957
0.256171
0.158505
0.0939981
0.195703
0.162037
0.170227
0.166873
0.188251
0.139775
0.212365
0.161235
0.0918637
0.225971
0.101649
0.0957879
0.160657
0.150183
0.148316
0.136234
0.121219
0.13726
0.189452
0.14415
0.140338
0.138183
0.153371
0.124247
0.162796
0.18868
0.208136
0.129378
0.119794
0.195377
0.120105
0.135063
0.217432
0.206142
0.129634
0.171714
0.187443
0.122792
0.127962
0.15268
0.120934
0.0984328
0.130196
0.167459
0.144406
0.186553
0.203643
0.158566
0.0818896
0.159713
0.190077
0.18906
0.104918
0.136495
0.117377
0.224254
0.126568
0.181902
0.172634
0.150493
0.129198
0.172282
0.218808
0.130056
0.23361
0.212942
0.151879
0.175128
0.131922
0.17919
0.159694
0.104246
0.186399
0.168099
0.148499
0.215381
0.132777
0.126812
0.167631
0.186119
0.120819
0.105288
0.0728563
0.0909786
0.228124
0.187925
0.183739
0.197827
0.0737083
0.224519
0.129931
0.0957026
0.139523
0.148874
0.136188
0.142077
0.166712
0.180171
0.165948
0.0896445
0.132774
0.112137
0.146846
0.198909
0.168108
0.182801
0.272324
0.230337
0.179557
0.144129
0.163633
0.118697
0.17825
0.29144
0.110408
0.200098
0.192094
0.225284
0.181684
0.0907225
0.151312
0.0900328
0.176484
0.127387
0.1419
0.205952
0.188604
0.155226
0.159111
0.119655
0.165302
0.198601
0.190569
0.149995
0.248375
0.135303
0.0972162
0.115249
0.105687
0.135474
0.149818
0.105308
0.11943
0.0778702
0.198637
0.194969
0.12518
0.10794
0.0978856
0.164991
0.128044
0.138595
0.129768
0.178619
0.154011
0.164616
0.203066
0.117817
0.171094
0.169953
0.180468
0.178113
0.18975
0.159018
0.0969281
0.173806
0.114019
0.130924
0.137737
0.179342
0.163968
0.0972771
0.146134
0.158118
0.118918
0.155522
0.164612
0.150808
0.166658
0.130372
0.149858
0.159054
0.158529
0.128383
0.0818426
0.0720863
0.155359
0.170099
0.133573
0.207599
0.212623
0.103337
0.109508
0.146894
0.115226
0.138005
0.0921962
0.121537
0.136319
0.137611
0.192566
0.0736443
0.137654
0.0750935
0.170197
0.238207
0.160416
0.161266
0.0661064
0.14589
0.142326
0.0968262
0.161828
0.185946
0.195261
0.201779
0.116558
0.102529
0.0922172
0.159766
0.109558
0.181521
0.138515
0.147975
0.11437
0.164428
0.19981
0.113818
0.192568
0.145339
0.174783
0.181929
0.166398
0.164965
0.191406
0.172913
0.11963
0.143777
0.106927
0.120194
0.204823
0.149505
0.115423
0.081066
0.162264
0.143225
0.137948
0.146442
0.142575
0.142298
0.104423
0.170823
0.0964303
0.155216
0.205048
0.137671
0.119369
0.138756
0.16244
0.0919573
0.155599
0.13715
0.144211
0.121308
0.149044
0.254517
0.138295
0.197052
0.161737
0.213408
0.129305
0.203565
0.139129
0.151765
0.145667
0.121396
0.197949
0.127533
0.194327
0.144661
0.103835
0.152311
0.139546
0.171223
0.115514
0.191679
0.193042
0.100401
0.141748
0.16229
0.144034
0.17041
0.149883
0.142213
0.0857253
0.126439
0.0987119
0.21049
0.156323
0.15414
0.14374
0.146376
0.156846
0.137001
0.166857
0.137884
0.150153
0.191931
0.134076
0.125016
0.123263
0.215352
0.171557
0.136351
0.1393
0.224829
0.173873
0.174236
0.106076
0.164413
0.114651
0.133048
0.134049
0.148243
0.19223
0.20686
0.190245
0.136427
0.106651
0.131228
0.151142
0.137064
0.109828
0.14234
0.202969
0.189572
0.137659
0.150206
0.123397
0.121053
0.149764
0.143058
0.219508
0.190789
0.19211
0.153054
0.145778
0.107552
0.153367
0.279517
0.165547
0.101706
0.140716
0.147381
0.10954
0.0868272
0.102811
0.205534
0.142395
0.164313
0.139045
0.175947
0.221308
0.137793
0.228741
0.247791
0.117114
0.085532
0.102857
0.126758
0.198586
0.192111
0.106926
0.140031
0.185659
0.118653
0.13013
0.16695
0.0455364
0.135709
0.187363
0.12237
0.161465
0.149992
0.0990579
0.152231
0.109807
0.1336
0.0657746
0.116434
0.116248
0.161377
0.15054
0.116477
0.123821
0.209507
0.189128
0.222818
0.106268
0.20192
0.146755
0.187535
0.0683734
0.12844
0.191143
0.129524
0.193074
0.125312
0.18686
0.126897
0.218935
0.139715
0.266006
0.134599
0.177641
0.114607
0.184676
0.213562
0.221099
0.102693
0.158624
0.183465
0.116174
0.156018
0.0826814
0.0772111
0.118493
0.115895
0.254017
0.170614
0.18783
0.177918
0.118824
0.133612
0.168552
0.160841
0.17267
0.196536
0.111477
0.141902
0.140842
0.234526
0.176648
0.121857
0.174234
0.108362
0.134248
0.0913293
0.143324
0.188065
0.226402
0.177813
0.136765
0.193853
0.126043
0.214405
0.161819
0.113031
0.0909965
0.171164
0.250584
0.163947
0.134502
0.0916775
0.105846
0.1955
0.204253
0.151583
0.199773
0.15089
0.195645
0.159738
0.149993
0.076076
0.124538
0.092906
0.170951
0.103725
0.112233
0.157873
0.13378
0.165381
0.229818
0.0804716
0.184245
0.0976304
0.119522
0.0893251
0.120288
0.138478
0.217409
0.220179
0.183028
0.113552
0.157314
0.0823113
0.0603851
0.255049
0.158469
0.0926679
0.194827
0.167729
0.179958
0.164501
0.186073
0.140606
0.20508
0.161987
0.0894882
0.22478
0.102211
0.0981335
0.164599
0.152771
0.146819
0.13668
0.121246
0.135127
0.187264
0.142953
0.143041
0.140905
0.157508
0.115983
0.162812
0.18673
0.203715
0.128686
0.120984
0.197753
0.122171
0.13262
0.217926
0.202428
0.130228
0.17196
0.185871
0.122611
0.12667
0.15601
0.120087
0.0984124
0.130002
0.167292
0.144634
0.186153
0.201364
0.156651
0.0819857
0.161561
0.18785
0.188614
0.105498
0.136042
0.116576
0.225016
0.125794
0.183045
0.171994
0.148553
0.128201
0.172177
0.216924
0.131266
0.232558
0.212258
0.15203
0.175924
0.130784
0.179915
0.160023
0.103979
0.186483
0.167606
0.148605
0.216529
0.132396
0.128231
0.16773
0.184197
0.120307
0.104779
0.0734143
0.0912293
0.226303
0.18998
0.182473
0.195702
0.0730698
0.223451
0.128469
0.101124
0.138637
0.147555
0.136306
0.141604
0.168901
0.180978
0.164833
0.0892611
0.13445
0.111326
0.14768
0.198068
0.168368
0.181344
0.272093
0.230313
0.177715
0.143024
0.161534
0.122227
0.178943
0.292116
0.111202
0.19941
0.192089
0.225655
0.182148
0.0906733
0.15081
0.0890283
0.177127
0.127507
0.142517
0.206546
0.185333
0.155938
0.159828
0.119507
0.164824
0.197767
0.189989
0.150248
0.247446
0.133938
0.100005
0.113675
0.106771
0.134504
0.149223
0.105018
0.119162
0.0779386
0.198279
0.194034
0.125848
0.108027
0.0979854
0.164546
0.127759
0.138941
0.130942
0.179078
0.151544
0.161947
0.204009
0.117188
0.171361
0.169414
0.179648
0.178331
0.189024
0.160229
0.09235
0.176745
0.113744
0.131412
0.138325
0.179447
0.166613
0.0991799
0.143071
0.160835
0.116768
0.155908
0.163808
0.15065
0.165001
0.130403
0.149785
0.157586
0.158072
0.128569
0.0818153
0.0723454
0.154601
0.172478
0.13309
0.20682
0.21173
0.102135
0.109528
0.145865
0.112384
0.144026
0.0918142
0.119826
0.137753
0.136524
0.188483
0.0743476
0.138504
0.0765774
0.168309
0.23873
0.171678
0.161783
0.0643841
0.146326
0.139946
0.0952735
0.162805
0.187904
0.195898
0.204036
0.115896
0.101922
0.0906478
0.160189
0.10909
0.180565
0.137612
0.149785
0.115691
0.160484
0.198085
0.114689
0.192089
0.143345
0.172912
0.184718
0.171353
0.167126
0.189361
0.16966
0.117709
0.145166
0.107951
0.122038
0.202824
0.150205
0.114271
0.0791843
0.164455
0.142431
0.13497
0.147495
0.141339
0.143119
0.105643
0.170888
0.0955909
0.155249
0.204186
0.138028
0.118688
0.13748
0.162721
0.0918827
0.156599
0.136119
0.145549
0.120047
0.148531
0.254939
0.140181
0.198416
0.160142
0.213726
0.127951
0.203122
0.138456
0.152239
0.145838
0.121065
0.19748
0.12719
0.194972
0.144957
0.102119
0.152777
0.139669
0.169565
0.116118
0.19145
0.193156
0.101401
0.140554
0.164954
0.144468
0.172465
0.151565
0.142318
0.0844944
0.126924
0.0967546
0.213427
0.157961
0.150862
0.149693
0.149287
0.157395
0.13793
0.165168
0.137885
0.148958
0.191376
0.134978
0.123984
0.122451
0.216174
0.170389
0.143161
0.138446
0.164463
0.194007
0.155257
0.101024
0.164741
0.105971
0.13502
0.131828
0.155382
0.192697
0.20124
0.197612
0.139566
0.104333
0.130774
0.167243
0.13705
0.112178
0.141998
0.20213
0.180992
0.144459
0.150931
0.124621
0.120452
0.140642
0.1431
0.218957
0.193692
0.197209
0.156338
0.14471
0.104705
0.152629
0.277909
0.16504
0.102179
0.139896
0.148139
0.109631
0.0857607
0.103043
0.20419
0.142445
0.164848
0.139359
0.175181
0.222214
0.138018
0.230869
0.245143
0.119186
0.0840987
0.102835
0.126377
0.199008
0.192213
0.105556
0.142921
0.190538
0.120187
0.120748
0.166937
0.0440795
0.135375
0.189038
0.123476
0.161859
0.145706
0.0979461
0.152339
0.110124
0.133773
0.0670825
0.117146
0.110444
0.160346
0.152826
0.118054
0.124153
0.207642
0.189093
0.222994
0.105639
0.202047
0.147835
0.188422
0.0683227
0.125421
0.191323
0.129725
0.194133
0.125566
0.186756
0.126372
0.218392
0.139039
0.267078
0.136203
0.177936
0.115817
0.18229
0.215093
0.219259
0.102215
0.162262
0.182336
0.115359
0.155341
0.0823695
0.0782434
0.120267
0.117283
0.253022
0.168637
0.187272
0.17766
0.119109
0.134542
0.167908
0.160549
0.172889
0.197451
0.111668
0.14225
0.142814
0.237835
0.169188
0.118955
0.174107
0.106847
0.132217
0.0901023
0.146026
0.188772
0.225509
0.178689
0.139289
0.194656
0.125056
0.214977
0.161733
0.113053
0.0920122
0.169056
0.249249
0.166554
0.117476
0.0886583
0.102605
0.195192
0.203898
0.155709
0.199533
0.151226
0.195367
0.159541
0.148779
0.0772765
0.123913
0.0931538
0.171754
0.10261
0.112942
0.158638
0.133408
0.164916
0.227746
0.0818006
0.184383
0.0962057
0.117346
0.0936443
0.118741
0.138929
0.218038
0.219024
0.184237
0.114718
0.156062
0.0827379
0.0604497
0.255486
0.159202
0.0938796
0.195564
0.160748
0.172846
0.158155
0.191286
0.138275
0.210756
0.160857
0.0917421
0.227044
0.101429
0.0948739
0.161089
0.15065
0.149448
0.136461
0.122086
0.136464
0.187591
0.144108
0.139795
0.13831
0.148298
0.132485
0.16153
0.189247
0.200737
0.130932
0.121815
0.193646
0.120901
0.133264
0.21765
0.203919
0.132459
0.170551
0.187275
0.124851
0.127883
0.150866
0.120798
0.0976327
0.131341
0.166145
0.146196
0.185116
0.202707
0.159478
0.0834371
0.160237
0.190854
0.187655
0.1045
0.135489
0.118853
0.221444
0.127384
0.18215
0.172147
0.148643
0.130032
0.170956
0.217836
0.131903
0.230137
0.21321
0.152122
0.175215
0.131165
0.179742
0.160393
0.104992
0.184541
0.168167
0.14831
0.216424
0.131081
0.127718
0.167208
0.185433
0.119695
0.104707
0.0728283
0.091697
0.228195
0.189167
0.183874
0.197585
0.0746349
0.224393
0.131037
0.0939348
0.137679
0.150366
0.133654
0.141199
0.164015
0.179032
0.166204
0.0895812
0.132585
0.11204
0.145614
0.199157
0.16766
0.182056
0.271746
0.229465
0.178488
0.143528
0.164425
0.117835
0.178355
0.292807
0.111454
0.200113
0.19009
0.224894
0.182514
0.0906879
0.15125
0.0898103
0.174742
0.127998
0.14241
0.203656
0.186984
0.156563
0.15873
0.119311
0.164537
0.198972
0.189366
0.148676
0.248863
0.134734
0.0976432
0.114451
0.105994
0.134317
0.148765
0.105063
0.119054
0.0780275
0.197279
0.194461
0.125889
0.107317
0.0982184
0.163931
0.127848
0.138384
0.130085
0.176917
0.15345
0.168866
0.203688
0.118722
0.17088
0.170127
0.176717
0.179493
0.187255
0.161459
0.087827
0.1752
0.112445
0.129448
0.149002
0.178094
0.164537
0.0986644
0.144375
0.159574
0.120009
0.156709
0.16312
0.152898
0.162595
0.128551
0.149096
0.157776
0.158827
0.1279
0.0818358
0.0728403
0.154967
0.169237
0.13276
0.207749
0.212176
0.103862
0.108741
0.147945
0.113734
0.140131
0.0936132
0.120486
0.136618
0.135973
0.187199
0.0743285
0.136403
0.0795351
0.16725
0.2356
0.171601
0.160748
0.0651365
0.145433
0.138151
0.0960347
0.163724