0.899534
0.667836
0.565509
0.398732
0.32992
0.358375
0.283493
0.225031
0.214108
0.22154
0.186091
0.165208
0.155112
0.169144
0.149275
0.115016
0.157105
0.171797
0.149982
0.147635
0.193322
0.134424
0.154246
0.17921
0.167869
0.165605
0.180006
0.199402
0.206812
0.216067
0.166582
0.181881
0.20007
0.172387
0.145256
0.173495
0.178968
0.184919
0.179696
0.152046
0.148218
0.153661
0.175399
0.16423
0.135114
0.180404
0.200106
0.160976
0.177006
0.129197
0.163981
0.175244
0.149666
0.190352
0.161798
0.142225
0.185391
0.189504
0.166304
0.171177
0.160485
0.176675
0.193731
0.170504
0.155085
0.189603
0.185215
0.163534
0.174809
0.188927
0.156648
0.170758
0.18144
0.177745
0.175383
0.158556
0.209685
0.198957
0.160056
0.152231
0.218505
0.1677
0.158436
0.176365
0.170604
0.168198
0.175699
0.196637
0.197699
0.282287
0.177546
0.174295
0.199385
0.170354
0.148247
0.179705
0.189042
0.185319
0.172885
0.154476
0.15357
0.155398
0.174217
0.161418
0.136419
0.188443
0.274651
0.258466
0.253536
0.134878
0.164226
0.175734
0.150143
0.188217
0.16088
0.142151
0.186937
0.193614
0.168075
0.175459
0.162539
0.177806
0.194245
0.172508
0.156229
0.189745
0.18546
0.163868
0.17619
0.189153
0.156515
0.176849
0.20385
0.179958
0.172413
0.135687
0.179828
0.182411
0.152135
0.14825
0.211867
0.159138
0.15447
0.179375
0.172496
0.168938
0.17727
0.196719
0.196219
0.272596
0.161251
0.179265
0.203083
0.165818
0.144041
0.172692
0.180202
0.180696
0.184056
0.173742
0.166793
0.15338
0.172849
0.167973
0.142452
0.175705
0.191758
0.165109
0.191308
0.15793
0.186188
0.17488
0.147136
0.186793
0.159261
0.142612
0.185405
0.187517
0.161545
0.172274
0.160287
0.175004
0.19149
0.170062
0.150997
0.187255
0.185034
0.160733
0.173449
0.19252
0.161107
0.16348
0.150856
0.153504
0.168603
0.125403
0.244193
0.207616
0.149141
0.142807
0.200939
0.138656
0.154087
0.177391
0.167892
0.164512
0.177384
0.191757
0.202473
0.242859
0.157822
0.187573
0.199866
0.167596
0.140761
0.173508
0.181177
0.182348
0.183738
0.158422
0.149243
0.152688
0.177458
0.170518
0.138943
0.175948
0.193614
0.16529
0.181015
0.140611
0.168774
0.173568
0.147776
0.187479
0.155694
0.142669
0.179407
0.179181
0.15698
0.17195
0.158918
0.172322
0.188849
0.169014
0.149605
0.185559
0.184541
0.15818
0.171258
0.191455
0.152965
0.16741
0.160519
0.173978
0.154988
0.116229
0.157693
0.16823
0.148433
0.145647
0.216308
0.152375
0.152037
0.176841
0.167714
0.165432
0.175404
0.190063
0.200137
0.255236
0.157956
0.189468
0.20043
0.164768
0.141387
0.173051
0.180304
0.182556
0.183261
0.157626
0.14766
0.15413
0.177622
0.169904
0.137641
0.175803
0.193333
0.165048
0.17661
0.144646
0.169168
0.173767
0.147656
0.183649
0.154595
0.141821
0.176065
0.171024
0.154474
0.171504
0.158464
0.171456
0.187582
0.166997
0.147999
0.184432
0.186627
0.158516
0.170526
0.193761
0.15345
0.167875
0.154687
0.15119
0.1441
0.115487
0.156778
0.167568
0.147715
0.148596
0.231644
0.143644
0.154393
0.171968
0.168039
0.167437
0.17318
0.188598
0.202152
0.254575
0.158288
0.188326
0.197019
0.166732
0.140597
0.172771
0.180263
0.182654
0.181891
0.154034
0.146938
0.154907
0.177928
0.167475
0.136418
0.177025
0.193745
0.160629
0.172842
0.133642
0.164836
0.173102
0.147298
0.181879
0.153676
0.141656
0.174195
0.168738
0.153415
0.171582
0.157877
0.170556
0.185635
0.168227
0.149446
0.182192
0.189548
0.16
0.170272
0.201621
0.154621
0.161802
0.158047
0.146788
0.139877
0.114828
0.160472
0.175922
0.150017
0.147448
0.213919
0.139662
0.153363
0.174147
0.164829
0.1659
0.173691
0.188311
0.198734
0.251089
0.160335
0.188648
0.196207
0.166894
0.140581
0.17253
0.179899
0.18245
0.180358
0.152596
0.146669
0.155315
0.177085
0.166091
0.135855
0.177284
0.192458
0.157703
0.170523
0.131186
0.164197
0.172823
0.146551
0.180062
0.153266
0.141114
0.171984
0.167866
0.15391
0.17175
0.157255
0.170976
0.185908
0.168159
0.147385
0.183672
0.185321
0.15678
0.168473
0.189097
0.152383
0.171297
0.20678
0.148898
0.137764
0.116846
0.159869
0.169437
0.14721
0.142475
0.204885
0.1375
0.153679
0.173608
0.164632
0.164059
0.174663
0.187461
0.206394
0.233151
0.160328
0.184943
0.196299
0.167197
0.140188
0.172764
0.180017
0.183067
0.179894
0.151692
0.146623
0.155347
0.176997
0.166583
0.135501
0.177023
0.19175
0.157952
0.168682
0.133995
0.163306
0.1732
0.146835
0.179013
0.153545
0.141229
0.172596
0.163333
0.15235
0.170696
0.158125
0.170051
0.184149
0.166771
0.148966
0.18234
0.186765
0.157226
0.169246
0.191473
0.157071
0.189591
0.158092
0.147679
0.145011
0.117463
0.156116
0.168801
0.146545
0.14256
0.204715
0.136672
0.15309
0.17273
0.163213
0.163625
0.173306
0.187386
0.200321
0.235714
0.160842
0.184672
0.19633
0.167604
0.139106
0.17278
0.180336
0.181955
0.178676
0.151516
0.146808
0.155067
0.175821
0.166642
0.135237
0.176611
0.190904
0.154847
0.169592
0.128193
0.167634
0.172266
0.145391
0.178496
0.153138
0.140562
0.171374
0.163499
0.153214
0.170346
0.157291
0.169547
0.185051
0.164747
0.147175
0.181689
0.189719
0.165074
0.181516
0.190345
0.15398
0.166694
0.155798
0.148803
0.138955
0.115185
0.157858
0.169943
0.14664
0.142536
0.207214
0.137221
0.154507
0.171309
0.161536
0.164964
0.172337
0.187662
0.195333
0.234068
0.161456
0.184032
0.195586
0.167081
0.139687
0.17264
0.180115
0.181537
0.178045
0.151015
0.146621
0.155005
0.17548
0.166952
0.134846
0.176201
0.190032
0.153982
0.169518
0.127846
0.169421
0.1722
0.145515
0.176697
0.153313
0.140332
0.17176
0.161308
0.152241
0.170084
0.157443
0.169058
0.184775
0.163925
0.147271
0.180508
0.198541
0.159672
0.17872
0.188305
0.150657
0.170094
0.156759
0.149538
0.139643
0.114926
0.157875
0.167283
0.146659
0.141865
0.205642
0.136413
0.15471
0.171274
0.161463
0.164756
0.172366
0.185488
0.202965
0.235523
0.162606
0.184297
0.195476
0.167227
0.138881
0.172424
0.180058
0.181162
0.17736
0.150448
0.146595
0.154805
0.175213
0.16518
0.134697
0.176177
0.189225
0.15313
0.169127
0.126201
0.16614
0.171697
0.144922
0.177324
0.152803
0.13961
0.170188
0.163735
0.157454
0.169424
0.15708
0.169661
0.184151
0.163329
0.145793
0.181204
0.204938
0.155977
0.170328
0.186388
0.148656
0.173959
0.164482
0.151683
0.13899
0.114782
0.156975
0.166924
0.14666
0.141636
0.204056
0.13443
0.154871
0.170274
0.160914
0.164398
0.171807
0.184972
0.203322
0.231996
0.162264
0.18335
0.195624
0.167335
0.138516
0.172303
0.180124
0.180656
0.176852
0.150153
0.146595
0.154506
0.174689
0.165383
0.134389
0.175546
0.188968
0.152296
0.169662
0.123769
0.169902
0.172874
0.144596
0.176677
0.152822
0.139438
0.171519
0.160691
0.151331
0.170641
0.156935
0.16847
0.184857
0.162024
0.146505
0.179022
0.201763
0.155279
0.168803
0.187874
0.157584
0.161091
0.155713
0.147711
0.139547
0.114581
0.156767
0.167402
0.146523
0.141641
0.206384
0.136614
0.155008
0.169437
0.160217
0.164442
0.171628
0.18469
0.204047
0.229606
0.162638
0.182091
0.195649
0.167319
0.138377
0.1722
0.179854
0.180078
0.176284
0.150041
0.146444
0.154208
0.174101
0.166004
0.134111
0.174867
0.188643
0.151686
0.172046
0.121519
0.167354
0.174395
0.143898
0.175192
0.152719
0.138776
0.170986
0.161818
0.151532
0.170203
0.156432
0.168398
0.184327
0.161331
0.146638
0.178581
0.196014
0.157151
0.175991
0.203744
0.151882
0.16751
0.154112
0.147947
0.1395
0.11471
0.156542
0.16691
0.14639
0.141271
0.205592
0.135735
0.15481
0.169351
0.160242
0.164086
0.171088
0.184777
0.203359
0.226023
0.161897
0.184044
0.195568
0.166909
0.139143
0.171842
0.179102
0.179905
0.176219
0.149742
0.146148
0.153641
0.173867
0.166973
0.133892
0.174777
0.188377
0.151279
0.173585
0.121436
0.165944
0.173601
0.143617
0.175083
0.152408
0.138196
0.170306
0.163034
0.151789
0.169898
0.1559
0.168478
0.18385
0.160966
0.146379
0.178529
0.197961
0.155701
0.171272
0.200487
0.149983
0.169397
0.155235
0.147965
0.139279
0.114359
0.155694
0.166915
0.145938
0.140949
0.206198
0.135648
0.154998
0.168854
0.159986
0.164054
0.170512
0.184426
0.203627
0.225763
0.161777
0.183591
0.1954
0.166893
0.138963
0.171641
0.179024
0.179375
0.175743
0.149435
0.14597
0.153195
0.173414
0.167043
0.133623
0.174602
0.188241
0.150936
0.174117
0.121239
0.164488
0.172906
0.1433
0.174516
0.152026
0.137597
0.169346
0.165421
0.152376
0.169606
0.155322
0.1688
0.183457
0.160908
0.14555
0.17961
0.201866
0.155101
0.168025
0.187434
0.15027
0.159719
0.154839
0.145515
0.140202
0.112695
0.156244
0.167701
0.145503
0.141054
0.210545
0.136715
0.155282
0.168564
0.160408
0.164007
0.170198
0.18384
0.206148
0.225743
0.161831
0.180522
0.195104
0.166803
0.138485
0.171302
0.179079
0.178884
0.175275
0.14895
0.145751
0.152962
0.172968
0.166738
0.133362
0.174276
0.187988
0.15071
0.17477
0.120638
0.162386
0.172064
0.142636
0.174338
0.151422
0.136846
0.169336
0.168844
0.153676
0.169132
0.154847
0.169097
0.183063
0.161044
0.145139
0.180242
0.195723
0.155397
0.168121
0.188726
0.148879
0.162881
0.156552
0.146207
0.139395
0.113013
0.155267
0.167555
0.145022
0.14063
0.209311
0.13605
0.154622
0.168436
0.160159
0.163766
0.169276
0.184212
0.20271
0.225225
0.161396
0.182326
0.194744
0.166515
0.138898
0.170818
0.178645
0.178639
0.175359
0.14882
0.145482
0.152529
0.172826
0.166772
0.133163
0.174099
0.187536
0.150319
0.172299
0.120298
0.16273
0.172861
0.142292
0.173423
0.151273
0.136532
0.168387
0.167205
0.154168
0.168211
0.154611
0.168266
0.18283
0.15992
0.145038
0.180305
0.203784
0.1552
0.167875
0.187344
0.148019
0.165874
0.157978
0.146613
0.13884
0.113332
0.154552
0.166744
0.144684
0.140136
0.208358
0.135876
0.155012
0.167201
0.159258
0.163719
0.168591
0.183335
0.204235
0.224206
0.162068
0.180055
0.194651
0.166545
0.138208
0.170624
0.178696
0.177723
0.174477
0.148675
0.145196
0.152015
0.172079
0.167201
0.133107
0.174316
0.187511
0.150098
0.173513
0.120313
0.161067
0.171023
0.14225
0.173646
0.150988
0.135928
0.170007
0.167946
0.155094
0.168093
0.154284
0.168459
0.18214
0.160015
0.14472
0.179413
0.194108
0.155911
0.167356
0.187396
0.148224
0.167454
0.158509
0.146107
0.137874
0.113195
0.15318
0.168211
0.144121
0.140097
0.209417
0.1354
0.154618
0.166761
0.159178
0.163195
0.167844
0.183618
0.201347
0.22424
0.161713
0.179402
0.194326
0.166237
0.138363
0.170129
0.178356
0.177338
0.174446
0.148705
0.14487
0.151609
0.171747
0.166652
0.132728
0.173577
0.18699
0.149808
0.171237
0.119838
0.16195
0.172654
0.141615
0.172299
0.15062
0.13556
0.167375
0.168542
0.153932
0.167411
0.153643
0.167555
0.182011
0.158843
0.144543
0.180257
0.201714
0.155596
0.167022
0.186521
0.147535
0.169526
0.158769
0.14637
0.13805
0.113046
0.152746
0.166417
0.143877
0.139535
0.207471
0.135101
0.15432
0.16583
0.158165
0.16295
0.167
0.182742
0.202212
0.222863
0.16232
0.178064
0.194191
0.166125
0.137839
0.16971
0.178194
0.176263
0.173737
0.148941
0.144543
0.151018
0.170846
0.166513
0.132644
0.173859
0.187027
0.149352
0.170075
0.119884
0.162108
0.172207
0.14157
0.171767
0.150265
0.135001
0.166747
0.16837
0.152632
0.167041
0.153023
0.166825
0.181553
0.158009
0.144241
0.181295
0.1961
0.156052
0.166569
0.1867
0.147498
0.168626
0.158709
0.145486
0.137551
0.112659
0.15208
0.166942
0.143247
0.139309
0.208571
0.135145
0.153865
0.165236
0.158027
0.162397
0.166104
0.182539
0.200223
0.222846
0.161901
0.1776
0.193624
0.165803
0.137837
0.168868
0.177811
0.175482
0.173601
0.149358
0.144364
0.15064
0.170121
0.165109
0.13207
0.173173
0.186834
0.14879
0.168536
0.119312
0.163147
0.173312
0.141104
0.171742
0.150181
0.134808
0.1671
0.164608
0.150026
0.166965
0.152536
0.165233
0.181286
0.157034
0.144338
0.183599
0.184724
0.156169
0.165652
0.184427
0.148283
0.169781
0.159175
0.142463
0.135937
0.109654
0.153842
0.174932
0.143089
0.138954
0.204271
0.131816
0.152558
0.164663
0.157581
0.160963
0.164398
0.18351
0.194597
0.223308
0.16105
0.175686
0.192926
0.165145
0.137966
0.167836
0.177462
0.174014
0.174067
0.151039
0.144369
0.150035
0.168721
0.162943
0.131518
0.17333
0.186357
0.148178
0.165774
0.118713
0.173372
0.17288
0.1422
0.174322
0.150731
0.135399
0.170411
0.156695
0.148051
0.165233
0.151929
0.163096
0.180827
0.155419
0.144326
0.181892
0.183621
0.155569
0.164589
0.181767
0.148239
0.164875
0.160913
0.141462
0.135641
0.110733
0.153186
0.16862
0.141896
0.137874
0.205709
0.132888
0.151722
0.164048
0.157094
0.160125
0.162674
0.183952
0.189742
0.221734
0.159541
0.174396
0.191293
0.164371
0.137775
0.165482
0.176461
0.171504
0.17469
0.155373
0.144759
0.149712
0.16705
0.160549
0.130316
0.171771
0.183879
0.145759
0.162294
0.120308
0.184501
0.170311
0.142512
0.17117
0.150143
0.134417
0.169955
0.154322
0.147055
0.163615
0.150047
0.160756
0.179909
0.156543
0.142616
0.176033
0.17981
0.156577
0.163392
0.179024
0.146799
0.161829
0.160199
0.138752
0.134322
0.109387
0.153043
0.16641
0.140787
0.136182
0.202347
0.131563
0.148743
0.160231
0.155033
0.157175
0.16032
0.193711
0.183079
0.216576
0.157304
0.171982
0.186543
0.16483
0.134781
0.159501
0.175806
0.166534
0.175375
0.155889
0.14273
0.147531
0.163781
0.154621
0.128392
0.173491
0.179661
0.140029
0.159008
0.129061
0.166243
0.166827
0.138313
0.164084
0.144563
0.128814
0.157891
0.233029
0.145855
0.15786
0.146537
0.161669
0.168721
0.150654
0.138898
0.170095
0.183963
0.160053
0.162709
0.175342
0.144443
0.156115
0.152133
0.133952
0.132415
0.104525
0.140984
0.157583
0.137692
0.129175
0.193985
0.136789
0.137011
0.145392
0.150202
0.148589
0.151084
0.189162
0.172963
0.204494
0.151443
0.165416
0.17447
0.157117
0.130206
0.142053
0.156924
0.157566
0.126356
0.233974
0.15029
0.149752
0.155606
0.151734
0.120946
0.157245
0.155288
0.131191
0.156525
0.125056
0.15805
0.154166
0.130001
0.150308
0.131082
0.124343
0.180709
0.17115
0.148084
0.156816
0.136981
0.153782
0.16427
0.15002
0.13642
0.158718
0.148593
0.198104
0.176244
0.161131
0.133328
0.142062
0.142164
0.121531
0.128459
0.101878
0.156438
0.144614
0.131526
0.121502
0.177565
0.137262
0.127876
0.134583
0.138976
0.130672
0.13248
0.241318
0.165603
0.197511
0.147948
0.158108
0.161681
0.1514
0.122315
0.128081
0.141213
0.15956
0.155595
0.119253
0.124538
0.128464
0.15095
0.155031
0.111261
0.146587
0.157385
0.127988
0.147988
0.11956
0.140479
0.141356
0.122071
0.147765
0.128926
0.1234
0.153905
0.15091
0.129662
0.128684
0.14042
0.190395
0.162176
0.151686
0.127325
0.15112
0.120144
0.132423
0.131277
0.176776
0.176472
0.142404
0.136796
0.122077
0.128286
0.0848223
0.123562
0.137638
0.122701
0.118068
0.195088
0.134879
0.122796
0.121574
0.119324
0.11371
0.1083
0.203531
0.174506
0.185583
0.135072
0.140126
0.141502
0.124247
0.101539
0.135044
0.1228
0.144019
0.229621
0.137414
0.122875
0.122835
0.115587
0.100313
0.108695
0.123671
0.185141
0.110004
0.126349
0.0907528
0.117794
0.118674
0.115571
0.139803
0.116482
0.105865
0.131981
0.133438
0.154258
0.126997
0.109502
0.113903
0.196888
0.181186
0.110043
0.141953
0.105504
0.113851
0.110602
0.0975005
0.104062
0.180816
0.181986
0.13639
0.118439
0.0827082
0.108741
0.118643
0.104377
0.0960196
0.120527
0.12849
0.193499
0.141902
0.114669
0.111024
0.108884
0.148017
0.124939
0.134972
0.113394
0.105038
0.166755
0.175577
0.104755
0.113266
0.109562
0.109343
0.0825221
0.109824
0.197437
0.115342
0.111265
0.0905866
0.0905609
0.0935358
0.167586
0.148496
0.138718
0.0857708
0.108176
0.106113
0.0980057
0.0987919
0.0926982
0.124432
0.173837
0.116448
0.103924
0.0857123
0.129532
0.172496
0.13168
0.110436
0.0916427
0.100199
0.0891991
0.157984
0.120273
0.110024
0.104075
0.10139
0.0873135
0.125471
0.171702
0.0730757
0.0999446
0.101279
0.0952438
0.0840535
0.102203
0.126251
0.158803
0.129216
0.102906
0.0911974
0.0850233
0.126972
0.145687
0.123555
0.0941761
0.098682
0.100985
0.175043
0.1085
0.102867
0.0861153
0.0934501
0.0776762
0.165102
0.160733
0.108194
0.102998
0.0874023
0.0847723
0.0791587
0.108869
0.129355
0.134746
0.0816488
0.0951612
0.0879602
0.0817749
0.0836123
0.0766545
0.133065
0.170229
0.0966993
0.0890564
0.0687951
0.0832073
0.14519
0.191249
0.106466
0.0797644
0.0902489
0.0548002
0.0735762
0.0687973
0.0717935
0.212236
0.125086
0.0944105
0.0820939
0.0814465
0.0434395
0.0530393
0.0778461
0.0741413
0.0729617
0.197651
0.175595
0.0859831
0.0838794
0.0719016
0.0603937
0.0695281
0.113098
0.139531
0.0951656
0.0659567
0.0596733
0.0756998
0.166655
0.127328
0.0882321
0.0801493
0.0786473
0.0552866
0.0636743
0.0932948
0.131893
0.103934
0.0732093
0.0664887
0.0541276
0.0912139
0.184962
0.146232
0.070287
0.0878971
0.0821766
0.0689274
0.0643722
0.0449015
0.0464948
0.0812438
0.173608
0.150716
0.0782573
0.0575213
0.0523091
0.0656967
0.0687852
0.152997
0.119061
0.067573
0.0625396
0.0765946
0.103785
0.163853
0.10731
0.0543959
0.0481166
0.0564168
0.0507029
0.0956706
0.0943643
0.0816306
0.0629303
0.062934
0.0746484
0.135373
0.0829809
0.0746401
0.0517345
0.0465419
0.0833559
0.143787
0.0906082
0.0528178
0.0506331
0.0588072
0.0945281
0.188256
0.0955348
0.0819284
0.0697802
0.048173
0.051666
0.0385396
0.0671667
0.160149
0.089325
0.0577045
0.0496752
0.049339
0.0611885
0.181618
0.0836565
0.0717555
0.0565336
0.0629858
0.056774
0.0420135
0.0658215
0.144727
0.130203
0.0765841
0.0557486
0.0437598
0.0430108
0.0568709
0.117124
0.178596
0.0946237
0.0696571
0.0556182
0.0524251
0.0409717
0.0828233
0.203582
0.137862
0.0700788
0.0659279
0.0393479
0.0426953
0.0530132
0.0496099
0.0438611
0.093336
0.135076
0.109942
0.0644093
0.0461078
0.0345599
0.0372527
0.0813133
0.145985
0.174943
0.0717172
0.0480892
0.0425446
0.0425203
0.0588483
0.127242
0.122618
0.0661918
0.0401889
0.0517502
0.0541176
0.0551991
0.0817704
0.0591418
0.052186
0.0497267
0.0710239
0.100446
0.160116
0.0683028
0.0624594
0.0448152
0.119915
0.0955137
0.0507724
0.0403251
0.053959
0.0361011
0.0415237
0.0428753
0.153521
0.111753
0.0615923
0.0446055
0.0362803
0.0425263
0.0463215
0.0776298
0.150413
0.0781594
0.0591837
0.0501501
0.0563387
0.0785902
0.128372
0.0536214
0.0433816
0.0436212
0.0389029
0.0385214
0.0610205
0.119894
0.0914345
0.0582427
0.0352158
0.0337275
0.0406162
0.106886
0.0675239
0.0519221
0.105903
0.116987
0.0742053
0.0404407
0.0314932
0.0434284
0.0950685
0.0827767
0.0453404
0.0368589
0.021407
0.0256076
0.0412381
0.0397613
0.108876
0.0949016
0.0740967
0.0522991
0.0912759
0.0422645
0.0452631
0.0307697
0.0315101
0.0325635
0.0419446
0.135486
0.151913
0.0652969
0.0462604
0.032236
0.0261567
0.0266309
0.0618527
0.127997
0.0776062
0.0656605
0.0286256
0.0275903
0.0299972
0.0232676
0.0383249
0.0390956
0.124203
0.121477
0.0635015
0.0252214
0.0216358
0.0375262
0.0345404
0.0961995
0.134296
0.0702267
0.0333693
0.0305
0.0236261
0.0295049
0.0271335
0.0500335
0.0707887
0.166924
0.0923457
0.0613968
0.0490667
0.0372583
0.0439122
0.111545
0.124241
0.0595262
0.0289416
0.0366975
0.030908
0.0336027
0.0578289
0.0447428
0.0516488
0.0533289
0.0638708
0.0523377
0.103663
0.0435652
0.0342236
0.0259742
0.0242477
0.024446
0.0243009
0.0558261
0.0963291
0.0628524
0.0281758
0.0282229
0.0710008
0.0792536
0.0592107
0.0271244
0.0335308
0.0610829
0.0751295
0.0454443
0.0259559
0.0210967
0.0320438
0.0222935
0.0393749
0.0896796
0.0830859
0.0305795
0.023845
0.036462
0.063347
0.10974
0.0952489
0.0365365
0.025225
0.0344993
0.046445
0.0812199
0.0504056
0.0367036
0.0328835
0.0604353
0.0626749
0.0468332
0.0336104
0.0428946
0.0816954
0.0813147
0.0550287
0.0346387
0.0365204
0.0320721
0.0372375
0.0365789
0.0527457
0.0403797
0.0495531
0.0507227
0.0283664
0.0148285
0.0245128
0.0382041
0.0805042
0.0931329
0.0402486
0.0254282
0.0155241
0.0223289
0.0319229
0.0528348
0.11454
0.077578
0.0186427
0.0204634
0.0260525
0.0397016
0.0906615
0.0927093
0.034592
0.0282326
0.0387235
0.033814
0.0490007
0.0684468
0.0668342
0.0349106
0.0558586
0.0320428
0.0341194
0.0388917
0.0600927
0.046247
0.0337223
0.0189909
0.0323351
0.0398296
0.0601425
0.0667125
0.0343058
0.0176199
0.0329068
0.0527862
0.0282355
0.0416436
0.072068
0.0689353
0.0520452
0.0350926
0.0226534
0.0279685
0.0519725
0.088925
0.0644867
0.0284921
0.0256106
0.0169066
0.0183234
0.0173449
0.018208
0.0235123
0.094771
0.117742
0.0500965
0.0259345
0.0214473
0.0281474
0.0157414
0.0221765
0.0400417
0.085801
0.0699002
0.0391951
0.0157623
0.0224511
0.0480233
0.0476768
0.0421579
0.0562444
0.0206894
0.0368856
0.0904727
0.072957
0.0279363
0.0258024
0.0638255
0.0477407
0.0351494
0.0223844
0.0323967
0.0371543
0.0531201
0.0596492
0.0506693
0.0429536
0.0434685
0.020105
0.0197555
0.0378581
0.0551834
0.0543647
0.0429841
0.0200031
0.0409987
0.0377304
0.0692461
0.0490773
0.0173452
0.0195745
0.0392784
0.0475563
0.0612662
0.0566162
0.0382478
0.0148491
0.0204427
0.0259947
0.0347948
0.0152785
0.015169
0.0110688
0.0295685
0.0566749
0.0728011
0.024006
0.0204662
0.0419071
0.0229033
0.0479785
0.0960469
0.0650926
0.0225876
0.0187938
0.017233
0.0290489
0.053432
0.0628975
0.0297506
0.0198168
0.0158926
0.0337103
0.0650378
0.0541864
0.0262601
0.0604059
0.0963369
0.0420389
0.0305019
0.0122489
0.0125043
0.0213324
0.0141481
0.030387
0.0811028
0.0705866
0.0332013
0.0251947
0.0422882
0.0442325
0.0597836
0.0412309
0.034546
0.017867
0.0255
0.0376424
0.0569485
0.038888
0.0163923
0.0186781
0.0368756
0.0452075
0.0618484
0.0514651
0.0310252
0.0132215
0.0177538
0.0227632
0.0304582
0.0119376
0.0131591
0.0100879
0.0180102
0.0245529
0.0560961
0.0379461
0.086608
0.0981707
0.0511105
0.0234096
0.0264856
0.0361134
0.0501036
0.0323719
0.020933
0.0327252
0.0374341
0.0432653
0.025376
0.0281227
0.0133102
0.0223245
0.0450782
0.0587269
0.0401098
0.0434181
0.0650813
0.0255754
0.0196826
0.0128764
0.0149505
0.0264636
0.0357268
0.0663753
0.0473048
0.0385323
0.0399378
0.0194981
0.0183781
0.0388198
0.0323638
0.0354504
0.0415155
0.0152655
0.019862
0.0313755
0.025752
0.0372972
0.0507798
0.0324194
0.0397083
0.0649836
0.0484055
0.0445603
0.0597586
0.0187301
0.0143553
0.011382
0.0132023
0.0173713
0.0431867
0.0702631
0.0558957
0.0191584
0.0166565
0.0214061
0.0166335
0.0216515
0.0232511
0.042141
0.0537342
0.0259689
0.0212974
0.0367139
0.0265866
0.0296752
0.045153
0.0363427
0.0181456
0.0213262
0.0378006
0.0463662
0.0225484
0.0175791
0.0206577
0.0152251
0.0280739
0.0275782
0.0310747
0.00826501
0.00919339
0.0213476
0.0103003
0.0152176
0.0524127
0.0990354
0.0785164
0.0407775
0.0250792
0.0443313
0.0346818
0.0386327
0.0204455
0.0121931
0.0170691
0.0220764
0.0331586
0.0399101
0.0282687
0.0351733
0.0371099
0.0391622
0.0340166
0.044835
0.0476747
0.0115934
0.0101426
0.0105168
0.0159159
0.0166267
0.0383389
0.0212823
0.0321903
0.0335598
0.035032
0.0363601
0.0354409
0.0349071
0.0187756
0.0306216
0.0396597
0.0409309
0.0383607
0.0234791